 -0.233, -0.021, -1.019,0
 -0.233, -0.018, -1.017,0
 -0.231, -0.019, -1.019,0
 -0.227, -0.018, -1.018,0
 -0.226, -0.018, -1.015,0
 -0.230, -0.021, -1.021,0
 -0.228, -0.017, -1.016,0
 -0.227, -0.019, -1.018,0
 -0.228, -0.017, -1.019,0
 -0.228, -0.020, -1.019,0
 -0.229, -0.018, -1.017,0
 -0.227, -0.019, -1.020,0
 -0.230, -0.021, -1.018,0
 -0.226, -0.019, -1.015,0
 -0.229, -0.018, -1.017,0
 -0.231, -0.020, -1.021,0
 -0.226, -0.020, -1.014,0
 -0.228, -0.018, -1.021,0
 -0.236, -0.021, -1.021,0
 -0.226, -0.018, -1.016,0
 -0.229, -0.020, -1.020,0
 -0.227, -0.019, -1.020,0
 -0.227, -0.020, -1.018,0
 -0.231, -0.020, -1.020,0
 -0.226, -0.017, -1.019,0
 -0.231, -0.019, -1.015,0
 -0.229, -0.019, -1.018,0
 -0.229, -0.019, -1.015,0
 -0.228, -0.020, -1.020,0
 -0.230, -0.019, -1.017,0
 -0.228, -0.021, -1.016,0
 -0.229, -0.020, -1.012,0
 -0.229, -0.019, -1.017,0
 -0.228, -0.019, -1.017,0
 -0.228, -0.018, -1.018,0
 -0.230, -0.018, -1.018,0
 -0.228, -0.020, -1.017,0
 -0.226, -0.019, -1.018,0
 -0.229, -0.019, -1.022,0
 -0.231, -0.018, -1.020,0
 -0.229, -0.020, -1.017,0
 -0.225, -0.020, -1.016,0
 -0.226, -0.021, -1.015,0
 -0.227, -0.019, -1.018,0
 -0.229, -0.019, -1.015,0
 -0.227, -0.020, -1.013,0
 -0.230, -0.020, -1.020,0
 -0.229, -0.019, -1.019,0
 -0.228, -0.019, -1.018,0
 -0.227, -0.020, -1.020,0
 -0.229, -0.018, -1.017,0
 -0.228, -0.018, -1.017,0
 -0.229, -0.018, -1.018,0
 -0.230, -0.019, -1.018,0
 -0.230, -0.021, -1.018,0
 -0.231, -0.020, -1.019,0
 -0.232, -0.019, -1.020,0
 -0.226, -0.019, -1.015,0
 -0.231, -0.018, -1.019,0
 -0.229, -0.018, -1.015,0
 -0.232, -0.020, -1.020,0
 -0.226, -0.019, -1.023,0
 -0.229, -0.021, -1.020,0
 -0.230, -0.022, -1.022,0
 -0.234, -0.021, -1.020,0
 -0.226, -0.019, -1.019,0
 -0.230, -0.019, -1.018,0
 -0.232, -0.018, -1.020,0
 -0.227, -0.018, -1.015,0
 -0.229, -0.018, -1.013,0
 -0.228, -0.022, -1.018,0
 -0.231, -0.017, -1.020,0
 -0.230, -0.018, -1.021,0
 -0.234, -0.020, -1.019,0
 -0.226, -0.020, -1.012,0
 -0.228, -0.021, -1.014,0
 -0.229, -0.020, -1.017,0
 -0.231, -0.020, -1.020,0
 -0.229, -0.019, -1.021,0
 -0.227, -0.020, -1.016,0
 -0.229, -0.022, -1.021,0
 -0.232, -0.020, -1.020,0
 -0.231, -0.020, -1.016,0
 -0.231, -0.017, -1.017,0
 -0.228, -0.016, -1.012,0
 -0.229, -0.011, -1.017,0
 -0.228, -0.016, -1.017,0
 -0.228, -0.017, -1.014,0
 -0.230, -0.018, -1.018,0
 -0.227, -0.021, -1.014,0
 -0.229, -0.020, -1.016,0
 -0.229, -0.019, -1.014,0
 -0.228, -0.021, -1.018,0
 -0.233, -0.020, -1.018,0
 -0.229, -0.020, -1.010,0
 -0.231, -0.022, -1.019,0
 -0.231, -0.022, -1.020,0
 -0.229, -0.019, -1.020,0
 -0.229, -0.020, -1.019,0
 -0.230, -0.018, -1.023,0
 -0.229, -0.018, -1.018,0
 -0.230, -0.020, -1.014,0
 -0.229, -0.019, -1.017,0
 -0.227, -0.019, -1.017,0
 -0.231, -0.019, -1.017,0
 -0.233, -0.019, -1.015,0
 -0.228, -0.021, -1.016,0
 -0.228, -0.020, -1.020,0
 -0.230, -0.019, -1.018,0
 -0.229, -0.019, -1.020,0
 -0.230, -0.020, -1.018,0
 -0.228, -0.019, -1.023,0
 -0.228, -0.019, -1.011,0
 -0.232, -0.020, -1.023,0
 -0.228, -0.019, -1.013,0
 -0.230, -0.020, -1.015,0
 -0.230, -0.018, -1.018,0
 -0.232, -0.021, -1.018,0
 -0.229, -0.020, -1.022,0
 -0.230, -0.018, -1.021,0
 -0.230, -0.021, -1.022,0
 -0.232, -0.020, -1.012,0
 -0.225, -0.018, -1.022,0
 -0.229, -0.020, -1.020,0
 -0.229, -0.018, -1.016,0
 -0.228, -0.019, -1.021,0
 -0.228, -0.018, -1.016,0
 -0.226, -0.020, -1.015,0
 -0.226, -0.020, -1.018,0
 -0.224, -0.020, -1.013,0
 -0.229, -0.020, -1.021,0
 -0.229, -0.019, -1.020,0
 -0.225, -0.020, -1.015,0
 -0.232, -0.019, -1.022,0
 -0.228, -0.019, -1.020,0
 -0.228, -0.020, -1.023,0
 -0.229, -0.019, -1.016,0
 -0.230, -0.021, -1.017,0
 -0.227, -0.021, -1.022,0
 -0.228, -0.021, -1.018,0
 -0.226, -0.022, -1.015,0
 -0.225, -0.021, -1.018,0
 -0.230, -0.019, -1.020,0
 -0.229, -0.021, -1.016,0
 -0.230, -0.020, -1.015,0
 -0.228, -0.019, -1.015,0
 -0.229, -0.020, -1.021,0
 -0.234, -0.020, -1.019,0
 -0.229, -0.021, -1.019,0
 -0.235, -0.019, -1.023,0
 -0.228, -0.013, -1.014,0
 -0.226, -0.017, -1.019,0
 -0.229, -0.023, -1.018,0
 -0.229, -0.021, -1.016,0
 -0.233, -0.020, -1.016,0
 -0.228, -0.020, -1.018,0
 -0.232, -0.020, -1.020,0
 -0.229, -0.020, -1.014,0
 -0.226, -0.022, -1.019,0
 -0.231, -0.020, -1.008,0
 -0.228, -0.019, -1.015,0
 -0.230, -0.021, -1.021,0
 -0.229, -0.021, -1.018,0
 -0.229, -0.020, -1.018,0
 -0.230, -0.020, -1.021,0
 -0.228, -0.019, -1.021,0
 -0.231, -0.020, -1.016,0
 -0.229, -0.021, -1.017,0
 -0.231, -0.019, -1.021,0
 -0.227, -0.020, -1.014,0
 -0.227, -0.019, -1.017,0
 -0.223, -0.018, -1.017,0
 -0.230, -0.018, -1.023,0
 -0.225, -0.018, -1.008,0
 -0.230, -0.023, -1.019,0
 -0.230, -0.024, -1.016,0
 -0.098, -0.065, -0.941,0
 -0.252, -0.023, -0.948,0
 -0.165,  0.249, -1.043,0
  0.027,  0.766, -1.026,0
  0.004,  0.975, -0.762,0
  0.212,  1.176, -0.683,0
  0.350,  1.086, -0.055,0
  0.174,  0.889, -0.493,0
  0.536,  0.987,  0.024,0
  0.797,  0.777, -0.495,0
  0.758,  0.484, -0.276,0
  0.165, -0.096, -0.549,0
 -0.454, -0.610, -0.411,0
 -0.212, -0.657, -0.096,0
  0.704, -0.655,  0.138,0
  1.440, -0.613, -0.015,0
  0.906, -0.506, -0.247,0
  0.461, -0.462, -0.246,0
  0.414, -0.538, -0.192,0
  0.463, -0.599, -0.145,0
  0.274, -0.729, -0.244,0
  0.646, -0.999, -0.044,0
  0.659, -0.794,  0.007,0
  0.618, -0.684, -0.169,1
  0.222, -0.593, -0.284,1
 -1.577,  0.125, -1.263,1
 -2.000,  2.000, -2.000,1
 -1.020,  2.000,  0.880,1
 -1.096,  2.000,  1.502,1
 -0.666,  1.823,  2.000,1
 -1.397,  0.511,  2.000,0
 -2.000, -1.962,  0.195,0
 -0.102, -0.694,  0.596,0
  0.268, -0.822,  0.581,0
 -0.046, -0.864,  0.161,0
  0.046, -0.900,  0.241,0
 -0.034, -1.036,  0.325,0
 -0.139, -0.935,  0.300,0
 -0.091, -0.913,  0.354,0
  0.010, -0.964,  0.357,0
  0.128, -0.900,  0.198,0
  0.083, -0.947,  0.223,0
  0.128, -0.941,  0.208,0
  0.175, -0.918,  0.182,0
  0.173, -0.934,  0.196,0
 -0.112, -0.939,  0.340,0
 -0.211, -0.665,  0.483,0
  0.137,  0.067,  0.582,0
  0.614,  1.224,  0.783,0
  0.884,  1.375,  0.307,0
  0.761,  1.201,  0.310,0
  0.597,  0.927,  0.186,0
  0.587,  0.835,  0.185,0
  0.715,  0.785, -0.107,0
  0.771,  0.740, -0.152,0
  0.660,  0.585, -0.492,0
  0.556,  0.206, -0.626,0
  0.217, -0.298, -0.709,0
  0.052, -0.619, -0.643,0
 -0.112, -0.853, -0.433,0
  0.023, -0.909, -0.265,0
  0.053, -0.946, -0.181,0
  0.208, -0.945, -0.202,0
  0.299, -0.937, -0.177,0
  0.261, -0.918, -0.185,0
  0.324, -0.834, -0.271,0
  0.365, -0.860, -0.334,0
  0.295, -0.911, -0.422,0
 -0.158, -0.851, -0.323,0
 -0.598, -0.827,  0.067,0
  0.291, -0.464,  0.166,0
  1.611, -0.064,  0.424,0
  1.750, -0.234, -0.018,0
 -0.468,  0.265, -0.309,1
 -2.000,  0.851, -1.810,1
 -2.000,  2.000, -1.998,1
  1.389,  2.000,  1.208,1
 -0.811,  2.000,  1.996,1
 -0.578,  1.353,  2.000,1
 -2.000, -0.675,  2.000,1
 -0.526, -0.398,  0.832,1
  0.260, -0.818,  0.702,1
 -0.138, -0.914,  0.185,1
 -0.133, -0.908,  0.248,1
 -0.428, -0.960,  0.417,1
 -1.073, -0.730,  0.460,1
 -0.672,  0.400,  0.784,1
  0.149,  1.962,  1.234,1
  0.515,  1.990,  0.551,1
  0.707,  2.000,  0.240,1
  0.206,  1.412, -0.034,1
  0.223,  1.005, -0.032,1
  0.468,  0.988, -0.079,1
  0.663,  0.975, -0.355,1
  0.620,  0.645, -0.533,1
  0.723,  0.192, -0.474,1
  0.427, -0.262, -0.514,1
  0.152, -0.602, -0.507,0
  0.003, -0.825, -0.415,0
 -0.063, -0.907, -0.345,0
 -0.039, -0.964, -0.267,0
 -0.080, -0.966, -0.191,0
 -0.090, -0.947, -0.079,0
 -0.104, -0.958,  0.054,0
 -0.090, -0.841,  0.181,0
  0.188, -0.682,  0.343,0
  1.031, -0.449,  0.429,0
  1.646, -0.496,  0.144,0
  0.638, -0.096, -0.407,0
 -2.000,  0.771, -0.559,0
 -2.000,  2.000, -2.000,1
  0.017,  2.000, -0.038,1
 -0.512,  2.000,  1.143,1
 -0.314,  2.000,  1.968,1
 -1.985,  1.085,  2.000,1
 -1.346, -0.228,  0.736,0
 -0.020,  0.122,  1.379,0
  0.197,  1.058,  0.994,0
  0.455,  1.682,  0.144,0
  0.156,  1.766, -0.182,0
  0.207,  1.980, -0.333,0
  0.352,  1.529, -0.523,0
  0.258,  1.142, -0.144,0
  0.383,  0.837, -0.017,0
  0.566,  0.762, -0.073,0
  0.707,  0.735, -0.228,0
  0.834,  0.760, -0.237,0
  0.751,  0.533, -0.308,0
  0.789,  0.314, -0.439,0
  0.657, -0.066, -0.368,0
  0.498, -0.331, -0.433,0
  0.481, -0.642, -0.360,0
  0.438, -0.729, -0.334,0
  0.304, -0.856, -0.302,0
  0.209, -0.852, -0.308,0
  0.112, -0.902, -0.241,0
 -0.049, -0.949, -0.059,0
 -0.020, -0.911,  0.096,0
  0.088, -0.872,  0.208,0
  0.166, -0.829,  0.290,0
  0.321, -0.761,  0.360,0
  0.523, -0.664,  0.290,0
  0.670, -0.626,  0.164,0
  0.916, -0.469,  0.196,0
  1.163, -0.534,  0.073,0
  1.116, -0.481, -0.220,0
 -0.321, -0.009, -0.510,0
 -2.000,  0.641, -2.000,1
 -2.000,  2.000, -2.000,1
 -1.646,  2.000,  1.500,1
 -0.576,  2.000,  2.000,0
 -1.028,  1.860,  2.000,0
 -2.000, -1.387,  1.125,0
 -0.519,  0.176,  1.435,0
 -0.242,  0.571,  1.314,0
  0.444,  1.329,  0.332,0
  0.444,  1.004, -0.320,0
  0.193,  1.225, -0.404,0
  0.022,  1.542, -0.498,0
  0.030,  1.719, -0.492,0
  0.195,  1.457, -0.541,0
  0.367,  1.130, -0.411,0
  0.422,  0.742, -0.195,0
  0.527,  0.706, -0.113,0
  0.665,  0.785, -0.205,0
  0.742,  0.668, -0.289,0
  0.698,  0.556, -0.360,0
  0.682,  0.325, -0.480,0
  0.727, -0.053, -0.487,0
  0.573, -0.418, -0.440,0
  0.385, -0.638, -0.448,0
  0.165, -0.786, -0.360,0
 -0.069, -0.932, -0.136,0
 -0.101, -0.961,  0.058,0
  0.073, -0.883,  0.090,0
  0.196, -0.878,  0.196,0
  0.376, -0.814,  0.230,0
  0.320, -0.699,  0.187,0
  0.584, -0.493,  0.300,0
  0.991, -0.229,  0.316,0
  1.299, -0.118,  0.115,0
  1.430, -0.044, -0.303,0
 -0.479,  0.294, -0.401,0
 -2.000,  0.895, -2.000,0
 -2.000,  2.000, -2.000,1
 -0.341,  2.000,  1.857,1
 -0.681,  2.000,  1.908,1
 -0.869,  1.802,  2.000,1
 -2.000, -1.426,  1.212,1
 -0.281,  0.077,  1.358,1
  0.321,  0.868,  1.074,0
  0.622,  1.058,  0.015,0
  0.712,  1.026, -0.427,0
  0.469,  1.092, -0.627,0
  0.390,  0.947, -0.964,0
  0.489,  0.825, -0.951,0
  0.283,  0.780, -0.628,0
 -0.010,  0.808, -0.642,0
 -0.123,  0.893, -0.643,0
 -0.108,  0.777, -0.860,0
 -0.060,  0.794, -1.212,0
 -0.367,  0.604, -0.833,0
 -0.178,  0.395, -0.976,0
 -0.260,  0.337, -0.953,0
 -0.225,  0.158, -1.016,0
 -0.246,  0.197, -0.947,0
 -0.374,  0.024, -0.850,0
 -0.223,  0.021, -1.027,0
 -0.265,  0.103, -1.004,0
 -0.272,  0.039, -1.059,0
 -0.227, -0.039, -1.018,0
 -0.222, -0.033, -1.021,0
 -0.218, -0.031, -1.020,0
 -0.221, -0.032, -1.021,0
 -0.221, -0.029, -1.020,0
 -0.218, -0.032, -1.019,0
 -0.223, -0.030, -1.020,0
 -0.223, -0.029, -1.020,0
 -0.222, -0.030, -1.019,0
 -0.223, -0.029, -1.023,0
 -0.221, -0.030, -1.017,0
 -0.220, -0.028, -1.017,0
 -0.221, -0.030, -1.018,0
 -0.218, -0.029, -1.017,0
 -0.221, -0.029, -1.019,0
 -0.224, -0.031, -1.025,0
 -0.215, -0.031, -1.013,0
 -0.220, -0.030, -1.022,0
 -0.221, -0.029, -1.020,0
 -0.224, -0.029, -1.021,0
 -0.223, -0.032, -1.024,0
 -0.225, -0.029, -1.021,0
 -0.219, -0.031, -1.023,0
 -0.224, -0.029, -1.021,0
 -0.223, -0.029, -1.018,0
 -0.222, -0.028, -1.021,0
 -0.218, -0.030, -1.017,0
 -0.222, -0.030, -1.021,0
 -0.222, -0.028, -1.017,0
 -0.220, -0.028, -1.019,0
