 -0.179, -0.063, -1.033,0
 -0.150, -0.060, -1.044,0
 -0.160, -0.066, -1.022,0
 -0.166, -0.064, -1.020,0
 -0.178, -0.071, -0.995,0
 -0.171, -0.072, -1.010,0
 -0.164, -0.065, -1.024,0
 -0.177, -0.072, -0.990,0
 -0.150, -0.061, -1.045,0
 -0.153, -0.063, -1.040,0
 -0.165, -0.063, -1.020,0
 -0.187, -0.080, -1.021,0
 -0.175, -0.073, -0.993,0
 -0.163, -0.068, -1.011,0
 -0.155, -0.063, -1.032,0
 -0.182, -0.077, -0.970,0
 -0.154, -0.062, -1.034,0
 -0.168, -0.069, -1.005,0
 -0.169, -0.073, -0.998,0
 -0.167, -0.068, -1.016,0
 -0.176, -0.075, -0.994,0
 -0.161, -0.064, -1.029,0
 -0.159, -0.066, -1.035,0
 -0.150, -0.059, -1.045,0
 -0.159, -0.064, -1.035,0
 -0.166, -0.068, -1.012,0
 -0.176, -0.074, -0.994,0
 -0.159, -0.060, -1.030,0
 -0.170, -0.068, -1.006,0
 -0.166, -0.068, -1.012,0
 -0.173, -0.072, -0.991,0
 -0.164, -0.067, -1.018,0
 -0.134, -0.055, -1.079,0
 -0.160, -0.067, -1.022,0
 -0.180, -0.076, -0.987,0
 -0.175, -0.072, -1.000,0
 -0.159, -0.065, -1.033,0
 -0.191, -0.083, -0.961,0
 -0.181, -0.073, -0.988,0
 -0.161, -0.065, -1.010,0
 -0.200, -0.080, -0.961,0
 -0.168, -0.070, -1.005,0
 -0.141, -0.055, -1.075,0
 -0.173, -0.073, -0.995,0
 -0.162, -0.069, -1.014,0
 -0.134, -0.054, -1.077,0
 -0.169, -0.069, -1.007,0
 -0.169, -0.067, -1.014,0
 -0.186, -0.075, -0.983,0
 -0.168, -0.070, -1.005,0
 -0.163, -0.067, -1.009,0
 -0.157, -0.062, -1.031,0
 -0.176, -0.072, -0.986,0
 -0.146, -0.059, -1.054,0
 -0.150, -0.061, -1.054,0
 -0.154, -0.060, -1.036,0
 -0.157, -0.064, -1.027,0
 -0.148, -0.056, -1.058,0
 -0.169, -0.071, -1.005,0
 -0.188, -0.074, -0.975,0
 -0.158, -0.065, -1.031,0
 -0.136, -0.053, -1.083,0
 -0.160, -0.064, -1.023,0
 -0.178, -0.075, -0.988,0
 -0.153, -0.060, -1.052,0
 -0.164, -0.069, -1.022,0
 -0.163, -0.065, -1.017,0
 -0.155, -0.064, -1.028,0
 -0.177, -0.073, -0.984,0
 -0.171, -0.070, -1.014,0
 -0.155, -0.065, -1.034,0
 -0.154, -0.064, -1.033,0
 -0.179, -0.076, -0.985,0
 -0.144, -0.059, -1.059,0
 -0.139, -0.056, -1.072,0
 -0.169, -0.067, -1.013,0
 -0.138, -0.058, -1.062,0
 -0.162, -0.064, -1.026,0
 -0.195, -0.077, -0.963,0
 -0.138, -0.053, -1.068,0
 -0.166, -0.066, -1.011,0
 -0.135, -0.054, -1.082,0
 -0.161, -0.065, -1.023,0
 -0.155, -0.064, -1.025,0
 -0.163, -0.071, -0.986,0
 -0.170, -0.071, -1.004,0
 -0.161, -0.066, -1.010,0
 -0.155, -0.065, -1.030,0
 -0.164, -0.067, -1.009,0
 -0.158, -0.063, -1.031,0
 -0.180, -0.074, -0.987,0
 -0.187, -0.076, -0.972,0
 -0.152, -0.062, -1.042,0
 -0.160, -0.063, -1.027,0
 -0.164, -0.068, -1.015,0
 -0.185, -0.074, -0.980,0
 -0.164, -0.069, -1.009,0
 -0.162, -0.066, -1.017,0
 -0.156, -0.063, -1.025,0
 -0.166, -0.067, -1.016,0
 -0.160, -0.064, -1.027,0
 -0.161, -0.066, -1.021,0
 -0.158, -0.064, -1.040,0
 -0.151, -0.062, -1.040,0
 -0.179, -0.072, -0.990,0
 -0.145, -0.056, -1.056,0
 -0.152, -0.063, -1.033,0
 -0.185, -0.074, -0.977,0
 -0.164, -0.067, -1.020,0
 -0.174, -0.073, -0.994,0
 -0.179, -0.073, -0.995,0
 -0.165, -0.069, -1.010,0
 -0.165, -0.065, -1.025,0
 -0.184, -0.078, -0.958,0
 -0.151, -0.062, -1.040,0
 -0.158, -0.064, -1.028,0
 -0.162, -0.065, -1.020,0
 -0.188, -0.072, -0.979,0
 -0.156, -0.065, -1.031,0
 -0.183, -0.074, -0.992,0
 -0.167, -0.067, -1.022,0
 -0.157, -0.065, -1.036,0
 -0.165, -0.066, -1.016,0
 -0.169, -0.067, -1.012,0
 -0.153, -0.061, -1.044,0
 -0.184, -0.078, -0.977,0
 -0.160, -0.064, -1.021,0
 -0.189, -0.076, -0.980,0
 -0.168, -0.068, -1.001,0
 -0.154, -0.063, -1.033,0
 -0.147, -0.063, -1.048,0
 -0.170, -0.069, -1.008,0
 -0.150, -0.062, -1.040,0
 -0.183, -0.074, -0.971,0
 -0.153, -0.064, -1.029,0
 -0.162, -0.066, -1.015,0
 -0.194, -0.078, -0.952,0
 -0.165, -0.067, -1.007,0
 -0.156, -0.061, -1.032,0
 -0.158, -0.065, -1.025,0
 -0.175, -0.070, -0.999,0
 -0.184, -0.073, -0.971,0
 -0.167, -0.071, -1.012,0
 -0.161, -0.065, -1.039,0
 -0.167, -0.067, -1.014,0
 -0.194, -0.076, -0.964,0
 -0.198, -0.079, -0.952,0
 -0.166, -0.067, -1.005,0
 -0.147, -0.057, -1.057,0
 -0.179, -0.074, -0.994,0
 -0.168, -0.069, -1.018,0
 -0.158, -0.065, -1.026,0
 -0.175, -0.071, -0.998,0
 -0.190, -0.077, -0.957,0
 -0.154, -0.063, -1.036,0
 -0.178, -0.072, -0.977,0
 -0.174, -0.074, -1.000,0
 -0.165, -0.061, -1.052,0
 -0.181, -0.075, -0.985,0
 -0.150, -0.062, -1.046,0
 -0.155, -0.061, -1.036,0
 -0.168, -0.068, -1.006,0
 -0.171, -0.070, -0.999,0
 -0.178, -0.069, -1.009,0
 -0.148, -0.059, -1.052,0
 -0.147, -0.060, -1.045,0
 -0.173, -0.070, -0.993,0
 -0.184, -0.075, -0.973,0
 -0.148, -0.059, -1.055,0
 -0.177, -0.071, -0.994,0
 -0.143, -0.057, -1.064,0
 -0.160, -0.064, -1.035,0
 -0.188, -0.077, -0.974,0
 -0.174, -0.069, -0.996,0
 -0.179, -0.074, -0.988,0
 -0.152, -0.058, -1.053,0
 -0.163, -0.063, -1.020,0
 -0.158, -0.065, -1.034,0
 -0.185, -0.075, -0.983,0
 -0.173, -0.069, -1.009,0
 -0.167, -0.068, -1.008,0
 -0.173, -0.068, -1.002,0
 -0.168, -0.069, -1.005,0
 -0.163, -0.065, -1.022,0
 -0.175, -0.068, -1.006,0
 -0.179, -0.072, -0.992,0
 -0.156, -0.060, -1.043,0
 -0.179, -0.074, -0.984,0
 -0.171, -0.070, -0.998,0
 -0.151, -0.063, -1.035,0
 -0.167, -0.067, -1.008,0
 -0.177, -0.073, -0.992,0
 -0.163, -0.066, -1.015,0
 -0.169, -0.068, -1.016,0
 -0.191, -0.077, -0.966,0
 -0.176, -0.072, -0.991,0
 -0.172, -0.070, -1.004,0
 -0.156, -0.064, -1.046,0
 -0.173, -0.070, -1.007,0
 -0.161, -0.064, -1.037,0
 -0.176, -0.073, -0.994,0
 -0.159, -0.062, -1.029,0
 -0.147, -0.059, -1.053,0
 -0.155, -0.063, -1.041,0
 -0.157, -0.058, -1.036,0
 -0.171, -0.068, -1.009,0
 -0.148, -0.060, -1.041,0
 -0.158, -0.063, -1.031,0
 -0.159, -0.068, -1.019,0
 -0.160, -0.062, -1.037,0
 -0.147, -0.060, -1.050,0
 -0.184, -0.075, -0.985,0
 -0.170, -0.070, -0.996,0
 -0.165, -0.068, -1.015,0
 -0.169, -0.067, -1.013,0
 -0.168, -0.067, -1.006,0
 -0.156, -0.059, -1.046,0
 -0.152, -0.060, -1.045,0
 -0.142, -0.057, -1.056,0
 -0.164, -0.063, -1.015,0
 -0.168, -0.072, -1.004,0
 -0.142, -0.057, -1.067,0
 -0.167, -0.068, -1.017,0
 -0.190, -0.077, -0.975,0
 -0.169, -0.068, -1.008,0
 -0.168, -0.066, -1.011,0
 -0.177, -0.071, -0.988,0
 -0.176, -0.072, -0.995,0
 -0.137, -0.054, -1.072,0
 -0.161, -0.065, -1.019,0
 -0.169, -0.073, -0.994,0
 -0.146, -0.055, -1.069,0
 -0.182, -0.073, -0.995,0
 -0.162, -0.064, -1.026,0
 -0.176, -0.070, -0.995,0
 -0.176, -0.071, -1.006,0
 -0.164, -0.065, -1.023,0
 -0.157, -0.062, -1.024,0
 -0.142, -0.060, -1.064,0
 -0.157, -0.062, -1.031,0
 -0.145, -0.057, -1.054,0
 -0.153, -0.062, -1.038,0
 -0.189, -0.076, -0.985,0
 -0.184, -0.075, -0.980,0
 -0.160, -0.065, -1.032,0
 -0.146, -0.056, -1.063,0
 -0.183, -0.072, -0.988,0
 -0.145, -0.054, -1.070,0
 -0.185, -0.069, -1.005,0
 -0.172, -0.067, -1.002,0
 -0.168, -0.069, -1.011,0
 -0.172, -0.071, -1.003,0
 -0.165, -0.066, -1.014,0
 -0.161, -0.061, -1.024,0
 -0.181, -0.071, -0.989,0
 -0.174, -0.071, -0.986,0
 -0.152, -0.061, -1.051,0
 -0.153, -0.061, -1.033,0
 -0.133, -0.051, -1.078,0
 -0.181, -0.073, -0.991,0
 -0.156, -0.059, -1.034,0
 -0.170, -0.068, -1.004,0
 -0.155, -0.061, -1.025,0
 -0.167, -0.068, -1.015,0
 -0.149, -0.058, -1.062,0
 -0.143, -0.068, -1.014,0
 -0.152, -0.062, -1.046,0
 -0.136, -0.053, -1.069,0
 -0.159, -0.062, -1.035,0
 -0.173, -0.070, -1.014,0
 -0.159, -0.065, -1.025,0
 -0.160, -0.061, -1.033,0
 -0.185, -0.077, -0.968,0
 -0.163, -0.064, -1.029,0
 -0.145, -0.058, -1.063,0
 -0.139, -0.055, -1.064,0
 -0.189, -0.078, -0.963,0
 -0.175, -0.071, -1.006,0
 -0.168, -0.068, -1.005,0
 -0.195, -0.078, -0.962,0
 -0.165, -0.066, -1.010,0
 -0.150, -0.061, -1.043,0
 -0.177, -0.073, -0.992,0
 -0.159, -0.065, -1.027,0
 -0.179, -0.073, -0.985,0
 -0.167, -0.065, -1.016,0
 -0.197, -0.080, -0.948,0
 -0.167, -0.067, -1.011,0
 -0.191, -0.079, -0.953,0
 -0.173, -0.068, -1.015,0
 -0.171, -0.071, -1.009,0
 -0.150, -0.060, -1.056,0
 -0.163, -0.066, -1.021,0
 -0.137, -0.051, -1.069,0
 -0.163, -0.065, -1.029,0
 -0.159, -0.065, -1.031,0
 -0.199, -0.081, -0.962,0
 -0.164, -0.065, -1.012,0
 -0.154, -0.065, -1.039,0
 -0.177, -0.069, -1.001,0
 -0.154, -0.060, -0.994,0
 -0.166, -0.065, -1.006,0
 -0.168, -0.067, -1.008,0
 -0.175, -0.070, -1.018,0
 -0.166, -0.067, -1.016,0
 -0.141, -0.059, -1.052,0
 -0.181, -0.071, -0.986,0
 -0.161, -0.061, -1.026,0
 -0.168, -0.066, -1.009,0
 -0.155, -0.062, -1.038,0
 -0.151, -0.058, -1.053,0
 -0.154, -0.062, -1.040,0
 -0.174, -0.072, -1.001,0
 -0.151, -0.058, -1.054,0
 -0.170, -0.067, -1.016,0
 -0.139, -0.052, -1.074,0
 -0.172, -0.070, -0.994,0
 -0.170, -0.067, -1.019,0
 -0.164, -0.067, -1.025,0
 -0.188, -0.079, -0.958,0
 -0.169, -0.069, -1.002,0
 -0.173, -0.068, -1.002,0
 -0.173, -0.071, -1.000,0
 -0.143, -0.060, -1.051,0
 -0.177, -0.075, -0.984,0
 -0.166, -0.065, -1.014,0
 -0.195, -0.078, -0.960,0
 -0.160, -0.062, -1.029,0
 -0.152, -0.059, -1.053,0
 -0.145, -0.058, -1.040,0
 -0.151, -0.062, -1.046,0
 -0.197, -0.080, -0.946,0
 -0.168, -0.068, -1.015,0
 -0.143, -0.057, -1.072,0
 -0.158, -0.065, -1.023,0
 -0.178, -0.074, -0.987,0
 -0.155, -0.061, -1.033,0
 -0.176, -0.072, -0.993,0
 -0.152, -0.059, -1.052,0
 -0.174, -0.070, -0.995,0
 -0.188, -0.076, -0.975,0
 -0.146, -0.057, -1.061,0
 -0.164, -0.064, -1.016,0
 -0.146, -0.060, -1.039,0
 -0.149, -0.059, -1.045,0
 -0.159, -0.062, -1.038,0
 -0.159, -0.061, -1.035,0
 -0.161, -0.065, -1.028,0
 -0.144, -0.056, -1.061,0
 -0.160, -0.066, -1.011,0
 -0.133, -0.052, -1.083,0
 -0.172, -0.068, -1.014,0
 -0.147, -0.057, -1.067,0
 -0.191, -0.082, -0.951,0
 -0.153, -0.063, -1.042,0
 -0.148, -0.060, -1.044,0
 -0.160, -0.067, -1.027,0
 -0.187, -0.076, -0.978,0
 -0.169, -0.060, -1.042,0
 -0.170, -0.068, -1.005,0
 -0.193, -0.078, -0.975,0
 -0.145, -0.058, -1.051,0
 -0.140, -0.057, -1.073,0
 -0.164, -0.065, -1.023,0
 -0.151, -0.057, -1.055,0
 -0.155, -0.063, -1.038,0
 -0.170, -0.066, -1.006,0
 -0.147, -0.057, -1.053,0
 -0.167, -0.068, -1.014,0
 -0.148, -0.060, -1.065,0
 -0.169, -0.066, -1.013,0
 -0.165, -0.065, -1.024,0
 -0.200, -0.079, -0.968,0
 -0.175, -0.071, -0.991,0
 -0.157, -0.064, -1.020,0
 -0.156, -0.062, -1.039,0
 -0.182, -0.073, -0.979,0
 -0.175, -0.070, -0.994,0
 -0.166, -0.066, -1.017,0
 -0.143, -0.059, -1.048,0
 -0.174, -0.071, -0.998,0
 -0.143, -0.056, -1.067,0
 -0.168, -0.067, -1.002,0
 -0.149,  0.002, -1.316,0
 -0.252, -0.231, -0.888,0
 -0.158, -0.031, -1.005,0
 -0.174, -0.021, -0.971,0
 -0.326, -0.091, -1.025,0
 -0.148, -0.050, -1.001,0
 -0.116, -0.019, -1.006,0
 -0.134, -0.078, -1.003,0
 -0.161, -0.085, -1.022,0
 -0.120, -0.287, -1.547,0
  0.396, -0.436, -2.000,0
  0.535,  0.085, -1.862,0
  0.212,  0.172, -0.200,0
 -0.116,  0.109,  0.362,0
 -0.143, -0.634,  0.030,0
 -0.146, -1.005,  0.039,0
 -0.026, -1.015, -0.072,0
  0.059, -0.991, -0.090,0
  0.027, -0.986, -0.025,0
  0.065, -0.962,  0.026,0
  0.097, -0.919, -0.008,0
 -0.106, -0.360,  0.622,0
 -0.304,  0.235,  0.336,0
 -0.278,  0.084, -1.128,0
  0.077, -0.088, -2.000,0
  0.173,  0.131, -1.873,0
 -0.220, -0.036, -1.260,0
 -0.264,  0.029, -0.808,0
 -0.082,  0.140, -1.017,0
 -0.107,  0.145, -1.033,0
 -0.191,  0.100, -0.963,0
 -0.186,  0.060, -1.274,0
  0.030, -0.195, -2.000,0
  0.200,  0.507, -1.967,0
  0.270,  0.606, -0.568,0
 -0.237,  0.249,  0.335,0
 -0.284, -0.378,  0.506,0
 -0.289, -0.825,  0.535,0
 -0.220, -0.932,  0.447,0
 -0.046, -0.843,  0.390,0
 -0.002, -0.974,  0.286,0
  0.018, -0.997,  0.152,0
  0.022, -0.906,  0.192,0
 -0.005, -0.840,  0.425,0
  0.049, -0.628,  0.300,0
  0.076, -0.408,  0.178,0
  0.058, -0.045, -0.073,0
  0.497,  0.073, -1.056,0
  1.133,  0.073, -1.987,0
  0.820,  0.527, -1.406,0
  0.657,  0.339, -0.560,0
  0.603,  0.486, -0.674,0
  0.491,  0.834, -0.152,0
  0.541,  0.642, -0.394,0
  0.496,  0.717, -0.272,0
  0.668,  0.847, -0.328,0
  0.621,  0.750, -0.273,0
  1.112,  0.699, -0.107,0
  1.528,  0.567,  0.639,0
  0.199,  0.946,  0.185,0
 -0.062,  0.973, -0.702,0
  0.394,  0.488, -0.650,0
  0.656,  0.430, -0.548,0
  0.683,  0.517, -0.535,0
  0.606,  0.456, -0.523,0
  0.579,  0.406, -0.492,0
  0.687,  0.412, -0.442,0
  0.531,  0.553, -0.570,0
 -0.241,  1.095, -1.162,0
 -0.866,  1.882, -0.493,0
  0.545,  1.659,  1.905,0
  1.034,  0.170,  1.304,0
  1.022, -0.049,  0.754,0
  0.636,  0.327,  0.153,0
  0.847,  0.357,  0.273,0
  0.867,  0.364,  0.279,0
  0.724,  0.288,  0.200,0
  0.736,  0.351,  0.122,0
  0.753,  0.358,  0.153,0
  0.753,  0.320,  0.233,0
  0.752,  0.434,  0.219,0
  0.653,  0.877,  0.101,0
  0.518,  0.726, -0.008,0
  0.592,  0.742,  0.028,0
  0.756,  0.797,  0.006,0
  0.532,  0.732, -0.122,0
  0.465,  0.665, -0.222,0
  0.482,  0.657, -0.333,0
  0.504,  0.667, -0.417,0
  0.499,  0.660, -0.439,0
  0.530,  0.640, -0.464,0
  0.580,  0.528, -0.477,0
  0.528,  0.583, -0.585,0
  0.359,  0.551, -0.546,0
  0.407,  0.489, -0.635,0
  0.407,  0.519, -0.818,0
  0.386,  0.430, -0.924,0
  0.141,  0.380, -0.866,0
  0.004,  0.379, -0.863,0
 -0.165,  0.625, -0.850,0
 -0.150,  0.784, -0.794,0
 -0.442,  0.595, -0.877,0
 -0.414,  0.677, -0.634,0
 -0.339,  0.489, -0.570,0
 -0.390,  0.754, -0.720,0
 -0.227,  0.583, -1.531,0
 -0.029,  0.668, -2.000,0
 -0.356,  2.000, -2.000,0
 -0.237,  1.682,  0.031,0
 -0.158,  0.185,  0.604,0
  0.177, -0.588,  0.877,0
  0.295, -0.715,  0.770,0
  0.352, -0.836,  0.678,0
  0.239, -0.905,  0.538,0
  0.133, -0.859,  0.562,0
  0.179, -0.817,  0.591,0
  0.709, -0.092,  1.137,0
  1.100,  1.256,  1.707,0
 -1.660,  2.000, -2.000,0
 -0.910,  1.194, -2.000,0
  0.027,  0.223, -1.824,0
 -0.019,  0.200, -0.566,0
 -0.229,  0.610, -0.825,0
 -0.108,  0.401, -1.183,0
 -0.027,  0.476, -0.882,0
 -0.103,  0.489, -0.766,0
 -0.015,  0.458, -1.073,0
 -0.067,  0.345, -1.879,0
 -0.105,  0.478, -2.000,0
 -0.646,  1.225, -2.000,0
 -0.644,  1.995, -0.806,0
 -0.006,  0.982,  0.342,0
  0.838,  0.062,  1.392,0
  1.094,  0.035,  1.552,0
  0.686, -0.519,  0.870,0
  0.245, -0.665,  0.515,0
  0.114, -0.537,  0.704,0
  0.114, -0.597,  0.700,0
  0.112, -0.696,  0.681,0
  0.256, -0.684,  0.780,0
  0.425, -0.407,  1.060,0
  0.372, -0.041,  0.982,0
  0.141,  1.143,  0.650,0
 -1.412,  1.542, -2.000,0
 -0.767,  0.823, -2.000,0
 -0.003,  0.465, -1.526,0
 -0.125,  0.289, -1.100,0
 -0.270,  0.527, -0.689,0
 -0.343,  0.466, -1.042,0
 -0.292,  0.515, -0.852,0
 -0.320,  0.461, -0.842,0
 -0.230,  0.450, -1.050,0
 -0.257,  0.378, -0.871,0
 -0.344,  0.366, -1.079,0
 -0.226,  0.258, -1.118,0
 -0.361,  0.212, -1.043,0
 -0.301,  0.147, -0.963,0
 -0.370, -0.025, -1.016,0
 -0.455, -0.033, -1.061,0
 -0.354, -0.060, -0.989,0
 -0.215, -0.053, -0.867,0
 -0.220, -0.080, -1.003,0
 -0.194, -0.051, -1.145,0
 -0.183, -0.065, -1.008,0
 -0.183, -0.100, -0.969,0
 -0.218, -0.078, -0.968,0
 -0.190, -0.100, -0.971,0
 -0.219, -0.090, -0.965,0
 -0.213, -0.079, -1.038,0
 -0.207, -0.092, -1.027,0
 -0.202, -0.108, -0.960,0
 -0.189, -0.068, -1.031,0
 -0.218, -0.104, -1.036,0
 -0.211, -0.078, -1.005,0
 -0.182, -0.085, -1.063,0
 -0.195, -0.094, -1.056,0
 -0.205, -0.095, -1.013,0
 -0.182, -0.076, -1.059,0
 -0.205, -0.091, -0.998,0
 -0.252, -0.103, -0.980,0
 -0.245, -0.098, -0.965,0
 -0.211, -0.088, -0.992,0
 -0.173, -0.060, -1.077,0
 -0.165, -0.067, -0.999,0
 -0.115, -0.065, -0.991,0
 -0.255, -0.129, -1.039,0
 -0.339, -0.390, -1.046,0
 -0.317,  0.148, -0.773,0
 -0.134,  0.126, -1.127,0
 -0.054,  0.053, -1.092,0
 -0.067,  0.049, -1.007,0
 -0.139,  0.000, -0.870,0
 -0.238, -0.104, -1.102,0
 -0.176, -0.130, -0.881,0
 -0.218, -0.184, -1.061,0
 -0.203, -0.156, -0.979,0
 -0.218, -0.182, -0.996,0
 -0.210, -0.175, -0.967,0
 -0.227, -0.180, -1.034,0
 -0.238, -0.190, -1.027,0
 -0.227, -0.166, -1.021,0
 -0.232, -0.174, -0.989,0
 -0.247, -0.175, -0.952,0
 -0.230, -0.160, -1.019,0
 -0.252, -0.165, -1.003,0
 -0.240, -0.158, -1.004,0
 -0.272, -0.171, -0.970,0
 -0.258, -0.177, -0.983,0
 -0.266, -0.169, -0.999,0
 -0.260, -0.178, -1.012,0
 -0.278, -0.179, -0.979,0
 -0.250, -0.161, -1.016,0
 -0.262, -0.164, -0.951,0
 -0.242, -0.161, -1.029,0
 -0.250, -0.165, -1.009,0
 -0.261, -0.164, -0.999,0
 -0.260, -0.169, -1.003,0
 -0.252, -0.161, -1.022,0
 -0.285, -0.177, -0.949,0
 -0.257, -0.168, -0.982,0
 -0.283, -0.185, -0.969,0
 -0.279, -0.176, -0.978,0
 -0.279, -0.178, -0.972,0
 -0.256, -0.165, -1.026,0
 -0.267, -0.166, -1.013,0
 -0.300, -0.184, -0.937,0
 -0.270, -0.175, -0.986,0
 -0.268, -0.172, -1.000,0
 -0.296, -0.181, -0.961,0
 -0.256, -0.166, -1.002,0
 -0.301, -0.185, -0.946,0
 -0.286, -0.183, -0.969,0
 -0.266, -0.160, -0.993,0
 -0.299, -0.181, -0.938,0
 -0.285, -0.174, -0.958,0
 -0.284, -0.176, -0.975,0
 -0.271, -0.164, -1.007,0
 -0.264, -0.160, -1.044,0
 -0.279, -0.170, -0.981,0
 -0.270, -0.168, -1.001,0
 -0.255, -0.162, -1.019,0
 -0.266, -0.169, -1.020,0
 -0.289, -0.171, -0.971,0
 -0.281, -0.170, -0.982,0
 -0.270, -0.162, -1.017,0
 -0.288, -0.173, -0.977,0
 -0.290, -0.175, -0.959,0
 -0.300, -0.178, -0.944,0
 -0.295, -0.173, -0.965,0
 -0.245, -0.150, -1.059,0
 -0.271, -0.161, -1.022,0
 -0.277, -0.165, -0.979,0
 -0.264, -0.157, -1.015,0
 -0.275, -0.160, -1.003,0
 -0.279, -0.167, -0.991,0
 -0.285, -0.163, -0.982,0
 -0.283, -0.161, -1.066,0
 -0.303, -0.170, -0.949,0
 -0.268, -0.165, -1.001,0
 -0.302, -0.175, -0.945,0
 -0.283, -0.171, -0.978,0
 -0.263, -0.161, -1.016,0
 -0.287, -0.169, -0.999,0
 -0.268, -0.154, -1.019,0
 -0.285, -0.165, -0.984,0
 -0.276, -0.166, -0.990,0
 -0.285, -0.164, -1.004,0
 -0.281, -0.164, -1.001,0
 -0.284, -0.162, -0.973,0
 -0.263, -0.153, -1.028,0
 -0.285, -0.164, -0.972,0
 -0.262, -0.155, -1.025,0
 -0.280, -0.157, -0.990,0
 -0.301, -0.198, -0.935,0
 -0.285, -0.173, -0.935,0
 -0.266, -0.065, -0.930,0
 -0.342, -0.173, -0.893,0
 -0.306, -0.082, -0.977,0
 -0.344, -0.065, -1.003,0
 -0.310,  0.001, -1.000,0
 -0.253, -0.019, -1.043,0
 -0.204,  0.045, -1.014,0
 -0.283,  0.142, -1.036,0
 -0.211,  0.141, -1.023,0
 -0.225,  0.143, -1.004,0
 -0.208,  0.152, -1.033,0
 -0.207,  0.151, -1.021,0
 -0.221,  0.147, -1.007,0
 -0.228,  0.140, -1.010,0
 -0.211,  0.157, -1.008,0
 -0.238,  0.132, -0.982,0
 -0.211,  0.152, -0.992,0
 -0.234,  0.145, -0.997,0
 -0.244,  0.124, -1.011,0
 -0.200,  0.158, -0.986,0
 -0.207,  0.160, -1.023,0
 -0.215,  0.147, -1.025,0
 -0.200,  0.159, -1.025,0
 -0.232,  0.144, -1.000,0
 -0.198,  0.160, -1.018,0
 -0.205,  0.159, -1.001,0
 -0.237,  0.141, -0.981,0
 -0.201,  0.149, -0.998,0
 -0.214,  0.152, -1.024,0
 -0.217,  0.152, -1.021,0
 -0.203,  0.159, -1.030,0
 -0.225,  0.149, -1.006,0
 -0.224,  0.149, -0.989,0
 -0.216,  0.151, -0.999,0
 -0.215,  0.151, -1.021,0
 -0.212,  0.152, -1.003,0
 -0.223,  0.146, -1.015,0
 -0.224,  0.151, -1.002,0
 -0.210,  0.156, -1.027,0
 -0.220,  0.148, -1.018,0
 -0.206,  0.158, -1.010,0
 -0.215,  0.146, -1.041,0
 -0.247,  0.142, -0.946,0
 -0.234,  0.140, -1.013,0
 -0.215,  0.155, -0.998,0
 -0.242,  0.141, -0.959,0
 -0.233,  0.145, -0.995,0
 -0.212,  0.150, -1.013,0
 -0.211, -0.012, -1.137,0
 -0.200,  0.198, -0.977,0
 -0.306,  0.035, -0.984,0
 -0.227,  0.122, -1.033,0
 -0.284,  0.111, -0.954,0
 -0.237,  0.135, -1.018,0
 -0.243,  0.129, -1.008,0
 -0.242,  0.137, -1.012,0
 -0.247,  0.131, -1.007,0
 -0.240,  0.132, -1.004,0
 -0.237,  0.136, -1.019,0
 -0.232,  0.138, -1.019,0
 -0.233,  0.136, -1.046,0
 -0.229,  0.137, -1.015,0
 -0.240,  0.132, -1.005,0
 -0.237,  0.134, -1.002,0
 -0.242,  0.133, -1.016,0
 -0.254,  0.127, -0.976,0
 -0.233,  0.137, -1.036,0
 -0.228,  0.138, -1.032,0
 -0.250,  0.129, -0.999,0
 -0.234,  0.137, -1.024,0
 -0.238,  0.134, -1.018,0
 -0.229,  0.137, -1.029,0
 -0.235,  0.137, -1.022,0
 -0.239,  0.127, -1.012,0
 -0.265,  0.124, -0.955,0
 -0.232,  0.141, -1.015,0
 -0.245,  0.130, -1.000,0
 -0.241,  0.138, -1.021,0
 -0.233,  0.138, -1.024,0
 -0.232,  0.137, -1.013,0
 -0.252,  0.123, -1.002,0
 -0.235,  0.138, -1.014,0
 -0.238,  0.135, -1.004,0
 -0.263,  0.115, -0.984,0
 -0.268,  0.116, -0.967,0
 -0.248,  0.130, -0.993,0
 -0.245,  0.127, -0.994,0
 -0.242,  0.133, -1.013,0
 -0.259,  0.121, -0.980,0
 -0.252,  0.123, -0.991,0
 -0.241,  0.133, -1.014,0
 -0.236,  0.133, -1.009,0
 -0.254,  0.125, -0.999,0
 -0.249,  0.127, -0.998,0
 -0.229,  0.129, -1.055,0
 -0.251,  0.125, -0.987,0
 -0.249,  0.134, -0.974,0
 -0.214,  0.141, -1.069,0
 -0.248,  0.130, -0.995,0
 -0.251,  0.126, -0.992,0
 -0.246,  0.134, -1.008,0
 -0.250,  0.129, -1.007,0
 -0.254,  0.126, -0.999,0
 -0.239,  0.134, -1.011,0
 -0.249,  0.127, -1.002,0
 -0.229,  0.137, -1.032,0
 -0.246,  0.131, -1.002,0
 -0.233,  0.135, -1.017,0
 -0.248,  0.133, -1.027,0
 -0.249,  0.125, -0.985,0
 -0.225,  0.140, -1.038,0
 -0.240,  0.125, -1.019,0
 -0.230,  0.133, -1.032,0
 -0.239,  0.138, -1.012,0
 -0.255,  0.125, -0.991,0
 -0.247,  0.128, -0.988,0
 -0.228,  0.139, -1.033,0
 -0.267,  0.124, -0.961,0
 -0.246,  0.129, -1.008,0
 -0.239,  0.129, -1.016,0
 -0.218,  0.141, -1.041,0
 -0.237,  0.132, -1.021,0
 -0.232,  0.142, -1.035,0
 -0.257,  0.128, -0.972,0
 -0.209,  0.141, -1.071,0
 -0.246,  0.133, -1.011,0
 -0.241,  0.131, -1.010,0
 -0.266,  0.113, -0.955,0
 -0.249,  0.130, -0.992,0
 -0.266,  0.121, -0.966,0
 -0.249,  0.122, -0.992,0
 -0.237,  0.134, -1.036,0
 -0.221,  0.149, -1.043,0
 -0.239,  0.131, -1.023,0
 -0.219,  0.149, -1.047,0
 -0.242,  0.135, -1.006,0
 -0.272,  0.126, -0.976,0
 -0.254,  0.125, -0.984,0
 -0.255,  0.134, -0.984,0
 -0.238,  0.139, -1.017,0
 -0.247,  0.130, -1.015,0
 -0.260,  0.123, -0.973,0
 -0.235,  0.137, -1.005,0
 -0.255,  0.128, -0.988,0
 -0.239,  0.134, -1.001,0
 -0.238,  0.138, -1.007,0
 -0.251,  0.131, -1.014,0
 -0.240,  0.139, -1.022,0
 -0.217,  0.140, -1.054,0
 -0.242,  0.134, -1.031,0
 -0.248,  0.126, -0.986,0
 -0.240,  0.137, -1.012,0
 -0.227,  0.138, -1.032,0
 -0.243,  0.127, -1.006,0
 -0.232,  0.138, -1.021,0
 -0.250,  0.125, -0.997,0
 -0.246,  0.130, -0.999,0
 -0.241,  0.131, -1.006,0
 -0.231,  0.132, -1.017,0
 -0.228,  0.141, -1.027,0
 -0.241,  0.127, -1.012,0
 -0.236,  0.132, -1.005,0
 -0.247,  0.128, -0.997,0
 -0.244,  0.133, -1.007,0
 -0.232,  0.132, -1.014,0
 -0.242,  0.130, -1.007,0
 -0.239,  0.128, -1.003,0
 -0.242,  0.134, -1.008,0
 -0.248,  0.128, -0.985,0
 -0.219,  0.146, -1.057,0
 -0.255,  0.122, -0.973,0
 -0.204,  0.145, -1.075,0
 -0.252,  0.123, -0.985,0
 -0.233,  0.133, -1.031,0
 -0.272,  0.119, -0.948,0
 -0.251,  0.128, -0.991,0
 -0.216,  0.141, -1.051,0
 -0.227,  0.135, -1.031,0
 -0.246,  0.119, -0.951,0
 -0.273,  0.116, -0.947,0
 -0.239,  0.129, -1.006,0
 -0.218,  0.145, -1.072,0
 -0.242,  0.131, -1.000,0
 -0.252,  0.126, -0.977,0
 -0.251,  0.128, -0.987,0
 -0.254,  0.126, -0.977,0
 -0.225,  0.137, -1.036,0
 -0.253,  0.128, -0.981,0
 -0.266,  0.120, -0.946,0
 -0.245,  0.128, -0.989,0
 -0.248,  0.136, -1.017,0
 -0.249,  0.130, -1.004,0
 -0.243,  0.127, -0.995,0
 -0.259,  0.125, -0.972,0
 -0.237,  0.134, -1.014,0
 -0.262,  0.125, -0.972,0
 -0.240,  0.133, -1.012,0
 -0.245,  0.130, -0.993,0
 -0.230,  0.138, -1.023,0
 -0.238,  0.131, -1.019,0
 -0.250,  0.124, -0.981,0
 -0.255,  0.126, -0.979,0
 -0.232,  0.134, -1.021,0
 -0.220,  0.137, -1.053,0
 -0.225,  0.136, -1.036,0
 -0.254,  0.130, -0.986,0
 -0.245,  0.124, -0.997,0
 -0.229,  0.138, -1.024,0
 -0.256,  0.121, -0.980,0
 -0.241,  0.133, -1.013,0
 -0.235,  0.136, -1.013,0
 -0.252,  0.122, -0.976,0
 -0.232,  0.130, -1.025,0
 -0.260,  0.128, -0.975,0
 -0.255,  0.125, -0.969,0
 -0.229,  0.133, -1.022,0
 -0.273,  0.117, -0.938,0
 -0.226,  0.139, -1.041,0
 -0.235,  0.135, -1.024,0
 -0.238,  0.129, -1.018,0
 -0.228,  0.141, -1.036,0
 -0.228,  0.135, -1.022,0
 -0.238,  0.132, -1.009,0
 -0.214,  0.141, -1.062,0
 -0.239,  0.133, -1.014,0
 -0.249,  0.126, -0.997,0
 -0.243,  0.132, -1.014,0
 -0.244,  0.129, -1.008,0
 -0.253,  0.127, -0.974,0
 -0.252,  0.126, -0.990,0
 -0.213,  0.146, -1.069,0
 -0.245,  0.123, -0.968,0
 -0.269,  0.118, -0.948,0
 -0.221,  0.138, -1.046,0
 -0.256,  0.121, -0.976,0
 -0.257,  0.124, -0.977,0
 -0.272,  0.118, -0.947,0
 -0.233,  0.132, -1.032,0
 -0.243,  0.129, -1.002,0
 -0.245,  0.129, -0.999,0
 -0.225,  0.139, -1.036,0
 -0.234,  0.134, -1.023,0
 -0.238,  0.130, -1.017,0
 -0.245,  0.129, -0.990,0
 -0.239,  0.130, -1.015,0
 -0.217,  0.141, -1.059,0
 -0.236,  0.134, -1.016,0
 -0.246,  0.127, -1.000,0
 -0.247,  0.133, -0.995,0
 -0.252,  0.124, -0.990,0
 -0.248,  0.128, -0.993,0
 -0.231,  0.137, -1.018,0
 -0.233,  0.135, -1.022,0
 -0.252,  0.125, -0.984,0
 -0.243,  0.133, -1.009,0
 -0.225,  0.140, -1.047,0
 -0.234,  0.136, -1.018,0
 -0.230,  0.137, -1.031,0
 -0.252,  0.121, -0.991,0
 -0.231,  0.134, -1.032,0
 -0.242,  0.132, -0.999,0
 -0.233,  0.136, -1.009,0
 -0.224,  0.135, -1.029,0
 -0.242,  0.129, -1.008,0
 -0.247,  0.129, -1.004,0
 -0.247,  0.128, -1.000,0
 -0.253,  0.126, -0.980,0
 -0.236,  0.132, -1.008,0
 -0.238,  0.132, -1.012,0
 -0.248,  0.128, -1.004,0
 -0.242,  0.132, -1.003,0
 -0.260,  0.123, -0.967,0
 -0.248,  0.130, -0.999,0
 -0.246,  0.127, -0.987,0
 -0.239,  0.128, -1.005,0
 -0.239,  0.136, -1.018,0
 -0.240,  0.130, -1.008,0
 -0.248,  0.127, -0.993,0
 -0.240,  0.130, -1.023,0
 -0.249,  0.132, -0.976,0
 -0.246,  0.127, -1.001,0
 -0.235,  0.132, -1.010,0
 -0.228,  0.137, -1.040,0
 -0.267,  0.117, -0.953,0
 -0.247,  0.121, -1.006,0
 -0.248,  0.131, -0.988,0
 -0.256,  0.122, -0.975,0
 -0.254,  0.129, -0.967,0
 -0.242,  0.129, -1.004,0
 -0.229,  0.123, -0.998,0
 -0.244,  0.136, -1.005,0
 -0.253,  0.119, -0.974,0
 -0.242,  0.134, -1.003,0
 -0.267,  0.114, -0.957,0
 -0.258,  0.126, -0.973,0
 -0.242,  0.129, -0.996,0
 -0.244,  0.132, -1.017,0
 -0.227,  0.136, -1.027,0
 -0.229,  0.135, -1.037,0
 -0.248,  0.128, -0.992,0
 -0.220,  0.137, -1.048,0
 -0.251,  0.126, -1.012,0
 -0.235,  0.136, -1.018,0
 -0.226,  0.134, -1.029,0
 -0.232,  0.135, -1.026,0
 -0.264,  0.120, -0.952,0
 -0.245,  0.128, -1.000,0
 -0.231,  0.134, -1.027,0
 -0.241,  0.131, -0.997,0
 -0.239,  0.133, -1.024,0
 -0.265,  0.118, -0.951,0
 -0.232,  0.137, -1.031,0
 -0.220,  0.142, -1.040,0
 -0.236,  0.130, -1.016,0
 -0.254,  0.126, -0.981,0
 -0.211,  0.147, -1.069,0
 -0.243,  0.130, -1.005,0
 -0.257,  0.123, -0.969,0
 -0.241,  0.133, -1.007,0
 -0.248,  0.126, -1.001,0
 -0.225,  0.137, -1.039,0
 -0.239,  0.137, -1.018,0
 -0.242,  0.134, -1.006,0
 -0.237,  0.131, -1.012,0
 -0.247,  0.132, -0.996,0
 -0.245,  0.130, -0.995,0
 -0.229,  0.135, -1.029,0
 -0.231,  0.135, -1.034,0
 -0.264,  0.120, -0.955,0
 -0.230,  0.136, -1.027,0
 -0.236,  0.136, -1.017,0
 -0.250,  0.127, -0.996,0
 -0.238,  0.135, -1.013,0
 -0.260,  0.121, -0.959,0
 -0.227,  0.137, -1.028,0
 -0.233,  0.132, -1.029,0
 -0.239,  0.131, -0.991,0
 -0.244,  0.128, -1.004,0
 -0.262,  0.120, -0.946,0
 -0.231,  0.138, -1.013,0
 -0.282,  0.106, -0.960,0
 -0.256,  0.129, -0.983,0
 -0.231,  0.135, -1.013,0
 -0.281,  0.111, -0.947,0
 -0.251,  0.125, -0.988,0
 -0.225,  0.141, -1.071,0
 -0.242,  0.130, -0.993,0
 -0.229,  0.133, -1.059,0
 -0.219,  0.139, -1.049,0
 -0.255,  0.127, -0.986,0
 -0.272,  0.116, -0.956,0
 -0.258,  0.122, -0.983,0
 -0.249,  0.130, -0.990,0
 -0.237,  0.126, -1.037,0
 -0.242,  0.129, -1.027,0
 -0.223,  0.155, -1.016,0
 -0.226,  0.133, -1.042,0
 -0.228,  0.131, -1.009,0
 -0.247,  0.139, -0.998,0
 -0.254,  0.116, -1.005,0
 -0.243,  0.136, -1.002,0
 -0.236,  0.133, -1.004,0
 -0.248,  0.126, -1.010,0
 -0.220,  0.143, -1.036,0
 -0.251,  0.128, -1.008,0
 -0.236,  0.139, -1.020,0
 -0.225,  0.139, -1.032,0
 -0.263,  0.117, -0.978,0
 -0.235,  0.133, -1.008,0
 -0.274,  0.115, -0.948,0
 -0.223,  0.142, -1.050,0
 -0.257,  0.124, -0.987,0
 -0.244,  0.134, -0.997,0
 -0.238,  0.133, -1.019,0
 -0.242,  0.132, -1.010,0
 -0.254,  0.126, -0.978,0
 -0.237,  0.136, -1.027,0
 -0.242,  0.133, -1.003,0
 -0.243,  0.130, -1.018,0
 -0.272,  0.118, -0.941,0
 -0.254,  0.126, -0.984,0
 -0.223,  0.143, -1.054,0
 -0.255,  0.124, -0.972,0
 -0.251,  0.132, -0.995,0
 -0.250,  0.127, -0.994,0
 -0.259,  0.120, -0.969,0
 -0.249,  0.130, -0.998,0
 -0.257,  0.127, -0.975,0
 -0.242,  0.131, -1.004,0
 -0.233,  0.136, -1.013,0
 -0.225,  0.135, -1.046,0
 -0.236,  0.137, -1.014,0
 -0.243,  0.133, -1.018,0
 -0.240,  0.131, -1.016,0
 -0.245,  0.129, -1.005,0
 -0.231,  0.135, -1.028,0
 -0.240,  0.126, -1.007,0
 -0.240,  0.133, -1.007,0
 -0.240,  0.132, -1.017,0
 -0.251,  0.126, -0.989,0
 -0.247,  0.131, -1.012,0
 -0.244,  0.133, -1.004,0
 -0.255,  0.125, -0.988,0
 -0.242,  0.135, -1.018,0
 -0.239,  0.134, -1.005,0
 -0.237,  0.132, -1.013,0
 -0.236,  0.136, -1.025,0
 -0.237,  0.131, -1.010,0
 -0.251,  0.129, -0.993,0
 -0.241,  0.133, -1.021,0
 -0.219,  0.143, -1.055,0
 -0.252,  0.127, -0.977,0
 -0.232,  0.137, -1.035,0
 -0.239,  0.132, -1.014,0
 -0.253,  0.125, -0.982,0
 -0.262,  0.123, -0.978,0
 -0.245,  0.131, -0.995,0
 -0.236,  0.135, -1.017,0
 -0.266,  0.120, -0.949,0
 -0.243,  0.130, -1.016,0
 -0.233,  0.135, -1.033,0
 -0.250,  0.125, -1.000,0
 -0.231,  0.140, -1.020,0
 -0.238,  0.134, -1.010,0
 -0.244,  0.128, -1.014,0
 -0.267,  0.123, -0.965,0
 -0.225,  0.139, -1.016,0
 -0.238,  0.137, -1.019,0
 -0.250,  0.129, -1.004,0
 -0.237,  0.135, -1.015,0
 -0.259,  0.129, -0.970,0
 -0.254,  0.126, -0.983,0
 -0.240,  0.134, -1.012,0
 -0.241,  0.135, -1.013,0
 -0.243,  0.133, -1.008,0
 -0.240,  0.132, -1.009,0
 -0.233,  0.137, -1.022,0
 -0.227,  0.139, -1.035,0
 -0.257,  0.124, -0.985,0
 -0.241,  0.133, -1.018,0
 -0.232,  0.138, -1.038,0
 -0.248,  0.129, -0.995,0
 -0.236,  0.130, -1.005,0
 -0.236,  0.138, -1.024,0
 -0.239,  0.134, -1.016,0
 -0.243,  0.132, -1.003,0
 -0.273,  0.120, -0.937,0
 -0.245,  0.133, -1.022,0
 -0.234,  0.134, -1.014,0
 -0.237,  0.133, -0.998,0
 -0.241,  0.130, -1.005,0
 -0.246,  0.131, -1.014,0
 -0.255,  0.126, -0.980,0
 -0.240,  0.145, -1.079,0
 -0.268,  0.123, -0.961,0
 -0.234,  0.135, -1.017,0
 -0.233,  0.138, -1.028,0
 -0.232,  0.137, -1.032,0
 -0.227,  0.139, -1.034,0
 -0.239,  0.132, -1.010,0
 -0.230,  0.140, -1.037,0
 -0.256,  0.127, -0.979,0
 -0.255,  0.126, -0.977,0
 -0.226,  0.139, -1.042,0
 -0.255,  0.127, -0.983,0
 -0.255,  0.139, -1.040,0
 -0.253,  0.126, -0.968,0
 -0.225,  0.140, -1.043,0
 -0.243,  0.130, -1.008,0
 -0.243,  0.128, -1.003,0
 -0.243,  0.132, -0.997,0
 -0.231,  0.138, -1.031,0
 -0.244,  0.130, -0.998,0
 -0.239,  0.134, -1.021,0
 -0.247,  0.130, -0.994,0
 -0.253,  0.127, -0.982,0
 -0.242,  0.133, -1.012,0
 -0.233,  0.138, -1.034,0
 -0.256,  0.129, -0.980,0
 -0.253,  0.128, -0.991,0
 -0.245,  0.131, -1.005,0
 -0.245,  0.130, -0.995,0
 -0.241,  0.137, -1.008,0
 -0.234,  0.139, -0.995,0
 -0.230,  0.136, -1.033,0
 -0.228,  0.141, -1.033,0
 -0.237,  0.134, -1.014,0
 -0.226,  0.140, -1.040,0
 -0.235,  0.134, -1.024,0
 -0.260,  0.122, -0.969,0
 -0.211,  0.145, -1.065,0
 -0.247,  0.127, -0.988,0
 -0.221,  0.144, -1.054,0
 -0.248,  0.131, -0.995,0
 -0.267,  0.122, -0.956,0
 -0.228,  0.136, -1.037,0
 -0.229,  0.135, -1.025,0
 -0.243,  0.130, -1.001,0
 -0.267,  0.117, -0.955,0
 -0.251,  0.128, -0.987,0
 -0.246,  0.132, -0.997,0
 -0.226,  0.137, -1.029,0
 -0.245,  0.133, -0.999,0
 -0.256,  0.128, -0.973,0
 -0.244,  0.133, -1.000,0
 -0.210,  0.143, -1.067,0
 -0.247,  0.131, -0.988,0
 -0.261,  0.143, -1.042,0
 -0.235,  0.134, -1.018,0
 -0.238,  0.133, -1.011,0
 -0.229,  0.138, -1.037,0
 -0.246,  0.132, -1.007,0
 -0.235,  0.137, -1.022,0
 -0.216,  0.127, -1.002,0
 -0.235,  0.138, -1.015,0
 -0.276,  0.118, -0.943,0
 -0.249,  0.131, -0.995,0
 -0.248,  0.131, -1.017,0
 -0.224,  0.135, -1.033,0
 -0.233,  0.135, -1.006,0
 -0.252,  0.133, -1.008,0
 -0.236,  0.135, -1.014,0
 -0.238,  0.138, -1.024,0
 -0.247,  0.129, -1.001,0
 -0.249,  0.132, -0.997,0
 -0.237,  0.138, -0.996,0
 -0.247,  0.133, -1.008,0
 -0.252,  0.131, -0.995,0
 -0.257,  0.125, -0.986,0
 -0.236,  0.143, -1.004,0
 -0.238,  0.135, -1.019,0
 -0.250,  0.124, -1.029,0
 -0.244,  0.132, -0.999,0
 -0.242,  0.129, -1.008,0
 -0.249,  0.129, -1.002,0
 -0.261,  0.121, -0.976,0
 -0.252,  0.127, -0.993,0
 -0.236,  0.130, -1.014,0
 -0.240,  0.129, -1.010,0
 -0.240,  0.123, -1.007,0
 -0.269,  0.117, -0.969,0
 -0.226,  0.137, -1.024,0
 -0.240,  0.135, -1.012,0
 -0.231,  0.132, -1.015,0
 -0.248,  0.124, -1.007,0
 -0.242,  0.137, -1.000,0
 -0.241,  0.130, -1.022,0
 -0.255,  0.122, -0.979,0
 -0.230,  0.135, -1.029,0
 -0.233,  0.132, -1.035,0
 -0.215,  0.142, -1.061,0
 -0.238,  0.131, -1.018,0
 -0.240,  0.127, -1.018,0
 -0.235,  0.135, -1.030,0
 -0.235,  0.131, -1.022,0
 -0.239,  0.130, -1.016,0
 -0.243,  0.128, -1.012,0
 -0.233,  0.136, -1.031,0
 -0.240,  0.128, -1.010,0
 -0.239,  0.133, -1.019,0
 -0.240,  0.128, -1.005,0
 -0.235,  0.130, -1.014,0
 -0.242,  0.129, -1.009,0
 -0.235,  0.134, -1.021,0
 -0.246,  0.127, -1.003,0
 -0.238,  0.131, -1.010,0
 -0.248,  0.126, -0.997,0
 -0.243,  0.128, -1.005,0
 -0.233,  0.133, -1.033,0
 -0.235,  0.131, -1.012,0
 -0.244,  0.129, -1.013,0
 -0.238,  0.130, -1.001,0
 -0.238,  0.129, -1.018,0
 -0.245,  0.129, -1.009,0
 -0.249,  0.128, -0.987,0
 -0.231,  0.135, -1.039,0
 -0.230,  0.136, -1.040,0
 -0.228,  0.133, -1.037,0
 -0.241,  0.131, -1.000,0
 -0.240,  0.130, -1.027,0
 -0.247,  0.127, -0.995,0
 -0.253,  0.125, -0.996,0
 -0.261,  0.124, -0.972,0
 -0.235,  0.130, -1.020,0
 -0.250,  0.127, -0.997,0
 -0.247,  0.126, -0.995,0
 -0.241,  0.129, -1.016,0
 -0.244,  0.129, -1.011,0
 -0.265,  0.120, -0.961,0
 -0.252,  0.125, -0.992,0
 -0.236,  0.131, -1.013,0
 -0.246,  0.126, -1.010,0
 -0.244,  0.129, -1.002,0
 -0.248,  0.127, -0.995,0
 -0.234,  0.134, -1.030,0
 -0.252,  0.123, -0.989,0
 -0.244,  0.130, -1.022,0
 -0.254,  0.126, -0.988,0
 -0.230,  0.134, -1.039,0
 -0.242,  0.133, -1.017,0
 -0.242,  0.124, -1.011,0
 -0.256,  0.120, -0.975,0
 -0.253,  0.118, -1.004,0
 -0.246,  0.137, -1.004,0
 -0.232,  0.136, -1.005,0
 -0.249,  0.121, -1.041,0
 -0.236,  0.136, -1.011,0
 -0.247,  0.128, -1.016,0
 -0.235,  0.135, -0.994,0
 -0.244,  0.130, -1.005,0
 -0.282,  0.210, -1.002,0
 -0.287, -0.241, -1.216,0
 -0.276, -0.062, -0.892,0
 -0.135,  0.036, -0.820,0
 -0.151, -0.046, -0.646,0
 -0.293,  0.287, -0.999,0
 -0.341,  0.047, -0.982,0
 -0.436,  0.023, -1.054,0
 -0.392,  0.103, -1.023,0
 -0.440,  0.046, -1.030,0
 -0.414,  0.050, -1.062,0
