 -0.105,  0.047, -1.022,0
 -0.107,  0.048, -1.016,0
 -0.104,  0.047, -1.022,0
 -0.098,  0.050, -1.031,0
 -0.102,  0.048, -1.028,0
 -0.098,  0.053, -1.040,0
 -0.094,  0.055, -1.037,0
 -0.107,  0.049, -1.021,0
 -0.114,  0.043, -1.000,0
 -0.106,  0.050, -1.017,0
 -0.097,  0.053, -1.040,0
 -0.105,  0.050, -1.019,0
 -0.103,  0.048, -1.025,0
 -0.086,  0.055, -1.056,0
 -0.101,  0.050, -1.026,0
 -0.102,  0.049, -1.023,0
 -0.106,  0.048, -1.021,0
 -0.107,  0.048, -1.019,0
 -0.098,  0.051, -1.032,0
 -0.124,  0.040, -0.985,0
 -0.122,  0.040, -0.978,0
 -0.106,  0.047, -1.025,0
 -0.104,  0.046, -1.022,0
 -0.107,  0.046, -1.017,0
 -0.094,  0.053, -1.045,0
 -0.088,  0.056, -1.057,0
 -0.118,  0.041, -0.990,0
 -0.086,  0.054, -1.056,0
 -0.100,  0.050, -1.032,0
 -0.105,  0.049, -1.029,0
 -0.101,  0.050, -1.037,0
 -0.096,  0.051, -1.041,0
 -0.110,  0.048, -1.018,0
 -0.119,  0.042, -0.992,0
 -0.094,  0.053, -1.037,0
 -0.106,  0.049, -1.022,0
 -0.103,  0.049, -1.022,0
 -0.109,  0.048, -1.022,0
 -0.133,  0.037, -0.966,0
 -0.108,  0.044, -1.005,0
 -0.103,  0.046, -1.020,0
 -0.122,  0.040, -0.989,0
 -0.104,  0.049, -1.024,0
 -0.081,  0.057, -1.068,0
 -0.113,  0.045, -0.998,0
 -0.094,  0.053, -1.050,0
 -0.077,  0.060, -1.078,0
 -0.096,  0.051, -1.037,0
 -0.114,  0.042, -1.005,0
 -0.113,  0.046, -1.011,0
 -0.127,  0.039, -0.982,0
 -0.128,  0.039, -0.980,0
 -0.116,  0.044, -0.998,0
 -0.112,  0.044, -1.011,0
 -0.125,  0.041, -0.981,0
 -0.108,  0.046, -1.010,0
 -0.092,  0.039, -0.995,0
 -0.089,  0.057, -1.054,0
 -0.088,  0.057, -1.054,0
 -0.121,  0.045, -0.983,0
 -0.118,  0.042, -1.006,0
 -0.084,  0.057, -1.070,0
 -0.132,  0.043, -1.008,0
 -0.114,  0.042, -1.002,0
 -0.134,  0.036, -0.973,0
 -0.091,  0.055, -1.053,0
 -0.095,  0.054, -1.050,0
 -0.098,  0.055, -1.042,0
 -0.096,  0.035, -0.991,0
 -0.111,  0.049, -0.998,0
 -0.079,  0.060, -1.053,0
 -0.131,  0.038, -0.959,0
 -0.101,  0.052, -1.033,0
 -0.076,  0.058, -1.079,0
 -0.094,  0.050, -1.041,0
 -0.119,  0.040, -0.989,0
 -0.128,  0.033, -0.968,0
 -0.102,  0.047, -1.029,0
 -0.118,  0.044, -1.005,0
 -0.107,  0.046, -1.022,0
 -0.118,  0.040, -0.990,0
 -0.124,  0.041, -0.982,0
 -0.108,  0.046, -1.023,0
 -0.096,  0.052, -1.033,0
 -0.106,  0.046, -1.027,0
 -0.109,  0.045, -1.031,0
 -0.105,  0.048, -1.034,0
 -0.092,  0.052, -1.051,0
 -0.100,  0.049, -1.040,0
 -0.109,  0.046, -1.014,0
 -0.084,  0.058, -1.070,0
 -0.121,  0.041, -0.996,0
 -0.109,  0.045, -1.018,0
 -0.082,  0.059, -1.085,0
 -0.103,  0.049, -1.033,0
 -0.121,  0.040, -0.999,0
 -0.103,  0.049, -1.060,0
 -0.112,  0.044, -1.021,0
 -0.091,  0.054, -1.052,0
 -0.111,  0.041, -1.010,0
 -0.130,  0.037, -0.974,0
 -0.094,  0.050, -1.042,0
 -0.121,  0.036, -1.027,0
 -0.088,  0.065, -1.033,0
 -0.088,  0.051, -1.068,0
 -0.075,  0.046, -1.069,0
 -0.081, -0.036, -1.025,0
 -0.073,  0.064, -1.084,0
 -0.088,  0.056, -1.050,0
 -0.103,  0.063, -1.026,0
 -0.109,  0.083, -1.017,0
 -0.127,  0.063, -0.997,0
 -0.122,  0.041, -0.984,0
 -0.086,  0.054, -1.053,0
 -0.100,  0.046, -1.028,0
 -0.112,  0.044, -0.994,0
 -0.119,  0.041, -0.982,0
 -0.082,  0.059, -1.065,0
 -0.117,  0.041, -0.989,0
 -0.114,  0.042, -0.999,0
 -0.116,  0.041, -0.989,0
 -0.073,  0.062, -1.078,0
 -0.103,  0.047, -1.008,0
 -0.115,  0.043, -0.989,0
 -0.121,  0.042, -0.980,0
 -0.107,  0.045, -1.010,0
 -0.090,  0.055, -1.050,0
 -0.100,  0.050, -1.023,0
 -0.106,  0.047, -1.016,0
 -0.118,  0.042, -1.015,0
 -0.102,  0.047, -1.012,0
 -0.115,  0.043, -0.996,0
 -0.107,  0.047, -1.013,0
 -0.103,  0.049, -1.017,0
 -0.088,  0.057, -1.048,0
 -0.099,  0.053, -1.052,0
 -0.087,  0.058, -1.056,0
 -0.083,  0.058, -1.063,0
 -0.091,  0.053, -1.040,0
 -0.095,  0.051, -1.037,0
 -0.109,  0.045, -1.003,0
 -0.099,  0.047, -1.029,0
 -0.130,  0.037, -0.965,0
 -0.115,  0.045, -0.995,0
 -0.088,  0.055, -1.042,0
 -0.090,  0.056, -1.040,0
 -0.096,  0.051, -1.028,0
 -0.109,  0.045, -1.007,0
 -0.108,  0.046, -1.009,0
 -0.125,  0.038, -0.972,0
 -0.114,  0.042, -0.997,0
 -0.126,  0.037, -0.972,0
 -0.104,  0.049, -1.023,0
 -0.092,  0.052, -1.034,0
 -0.105,  0.046, -1.016,0
 -0.100,  0.049, -1.031,0
 -0.129,  0.036, -0.968,0
 -0.104,  0.045, -1.016,0
 -0.090,  0.054, -1.051,0
 -0.095,  0.052, -1.034,0
 -0.118,  0.042, -0.995,0
 -0.078,  0.059, -1.065,0
 -0.094,  0.053, -1.041,0
 -0.082,  0.058, -1.064,0
 -0.104,  0.046, -1.017,0
 -0.096,  0.036, -0.961,0
 -0.127,  0.036, -0.968,0
 -0.101,  0.049, -1.017,0
 -0.075,  0.062, -1.085,0
 -0.096,  0.051, -1.031,0
 -0.100,  0.047, -1.026,0
 -0.078,  0.060, -1.039,0
 -0.120,  0.042, -0.989,0
 -0.133,  0.036, -0.959,0
 -0.097,  0.052, -1.031,0
 -0.077,  0.060, -1.072,0
 -0.120,  0.041, -0.979,0
 -0.087,  0.060, -1.068,0
 -0.108,  0.045, -1.003,0
 -0.093,  0.051, -1.025,0
 -0.091,  0.057, -1.040,0
 -0.104,  0.050, -1.014,0
 -0.108,  0.048, -1.010,0
 -0.080,  0.058, -1.059,0
 -0.107,  0.044, -1.007,0
 -0.127,  0.037, -0.967,0
 -0.082,  0.056, -1.048,0
 -0.084,  0.058, -1.056,0
 -0.108,  0.045, -1.014,0
 -0.072,  0.059, -1.072,0
 -0.098,  0.049, -1.021,0
 -0.105,  0.048, -1.011,0
 -0.111,  0.042, -0.997,0
 -0.098,  0.049, -1.025,0
 -0.093,  0.052, -1.041,0
 -0.077,  0.058, -1.063,0
 -0.080,  0.057, -1.057,0
 -0.083,  0.057, -1.053,0
 -0.128,  0.037, -0.960,0
 -0.093,  0.052, -1.040,0
 -0.073,  0.060, -1.069,0
 -0.094,  0.049, -1.028,0
 -0.087,  0.054, -1.044,0
 -0.098,  0.050, -1.026,0
 -0.087,  0.057, -1.042,0
 -0.105,  0.047, -1.006,0
 -0.093,  0.055, -1.028,0
 -0.110,  0.048, -0.999,0
 -0.093,  0.053, -1.035,0
 -0.098,  0.052, -1.028,0
 -0.093,  0.053, -1.035,0
 -0.094,  0.053, -1.035,0
 -0.073,  0.061, -1.081,0
 -0.098,  0.049, -1.022,0
 -0.096,  0.053, -1.029,0
 -0.106,  0.047, -1.018,0
 -0.130,  0.002, -1.002,0
 -0.030,  0.026, -0.975,0
 -0.101,  0.045, -1.012,0
 -0.141, -0.019, -1.034,0
  0.001,  0.021, -1.365,0
  0.026, -0.210, -1.123,0
 -0.019, -0.043, -0.739,0
 -0.139,  0.282, -0.973,0
 -0.123,  0.191, -1.094,0
 -0.083,  0.044, -1.036,0
 -0.072, -0.012, -1.035,0
 -0.247,  0.129, -0.966,0
 -0.307,  0.125, -1.050,0
 -0.272,  0.008, -0.998,0
 -0.338,  0.090, -1.069,0
 -0.364,  0.097, -1.075,0
 -0.293, -0.032, -0.999,0
 -0.332,  0.026, -1.025,0
 -0.443,  0.149, -1.223,0
 -0.416,  0.087, -1.140,0
 -0.286, -0.046, -0.948,0
 -0.068, -0.014, -0.965,0
  0.027, -0.043, -0.893,0
  0.031,  0.247, -0.910,0
  0.026,  0.283, -1.008,0
 -0.021,  0.223, -1.055,0
  0.019,  0.204, -1.109,0
  0.029,  0.223, -1.300,0
  0.178,  0.096, -0.958,0
  0.473, -0.014, -0.590,0
  0.576, -0.087, -0.311,0
  0.785, -0.058, -0.645,0
  0.777, -0.175, -0.349,0
  0.771,  0.053, -0.803,0
  0.755,  0.080, -0.622,0
  0.771,  0.069, -0.431,0
  0.798,  0.100, -0.355,0
  0.837,  0.193, -0.310,0
  0.857,  0.207, -0.170,0
  0.797,  0.291, -0.178,0
  0.738,  0.320, -0.303,0
  0.741,  0.296, -0.376,0
  0.801,  0.144, -0.260,0
  0.882,  0.011, -0.191,0
  0.899,  0.058, -0.278,0
  0.860,  0.060, -0.059,0
  0.861, -0.124, -0.110,0
  0.836, -0.283, -0.031,0
  0.897, -0.168, -0.181,0
  0.894, -0.103, -0.167,0
  0.867, -0.175, -0.137,0
  0.874, -0.124, -0.176,0
  0.877, -0.180, -0.121,0
  0.891, -0.148, -0.141,0
  0.856, -0.177, -0.084,0
  0.891, -0.144, -0.129,0
  0.874, -0.152, -0.142,0
  0.859, -0.174, -0.074,0
  0.876, -0.151, -0.132,0
  0.876, -0.144, -0.137,0
  0.855, -0.174, -0.082,0
  0.875, -0.167, -0.111,0
  0.890, -0.162, -0.193,0
  0.863, -0.151, -0.063,0
  0.890, -0.138, -0.244,0
  0.864, -0.025, -0.276,0
  0.846, -0.007, -0.307,0
  0.852, -0.003, -0.342,0
  0.835, -0.060, -0.271,0
  0.859, -0.070, -0.322,0
  0.856, -0.045, -0.325,0
  0.862, -0.066, -0.324,0
  0.858, -0.068, -0.306,0
  0.858, -0.067, -0.310,0
  0.826, -0.086, -0.263,0
  0.844, -0.066, -0.293,0
  0.864, -0.063, -0.362,0
  0.852, -0.059, -0.308,0
  0.868, -0.067, -0.334,0
  0.841, -0.078, -0.286,0
  0.859, -0.082, -0.313,0
  0.864, -0.073, -0.335,0
  0.821, -0.036, -0.274,0
  0.868, -0.067, -0.372,0
  0.862, -0.137, -0.267,0
  0.843, -0.158, -0.209,0
  0.740,  0.001, -0.432,0
  0.685,  0.123, -0.396,0
  0.644,  0.091, -0.585,0
  0.402,  0.222, -0.651,0
  0.238,  0.232, -0.761,0
  0.144,  0.026, -1.162,0
 -0.027,  0.226, -1.157,0
 -0.065,  0.052, -1.122,0
 -0.155,  0.105, -1.162,0
 -0.256,  0.092, -1.240,0
 -0.290,  0.044, -1.104,0
 -0.212, -0.050, -1.123,0
 -0.210,  0.030, -1.010,0
 -0.192,  0.063, -0.947,0
 -0.159, -0.040, -1.155,0
 -0.149, -0.079, -1.193,0
 -0.122,  0.007, -1.006,0
 -0.188,  0.150, -1.116,0
 -0.030, -0.016, -0.944,0
 -0.053, -0.037, -0.852,0
 -0.167,  0.029, -0.993,0
 -0.205, -0.040, -0.968,0
 -0.169, -0.084, -1.004,0
 -0.128, -0.123, -0.985,0
 -0.087, -0.095, -0.937,0
 -0.141, -0.157, -0.964,0
 -0.308, -0.278, -1.085,0
 -0.316, -0.195, -1.043,0
 -0.288, -0.138, -1.056,0
 -0.329, -0.034, -1.141,0
 -0.287,  0.016, -1.140,0
 -0.277,  0.076, -1.015,0
 -0.005,  0.172, -1.057,0
  0.247, -0.164, -0.839,0
  0.551, -0.288, -0.790,0
  0.629, -0.454, -0.809,0
  0.528, -0.462, -0.736,0
  0.585, -0.420, -0.764,0
  0.419, -0.326, -0.832,0
  0.463, -0.306, -0.812,0
  0.494, -0.305, -0.734,0
  0.491, -0.356, -0.726,0
  0.511, -0.377, -0.710,0
  0.493, -0.320, -0.787,0
  0.513, -0.304, -0.782,0
  0.467, -0.341, -0.692,0
  0.494, -0.367, -0.734,0
  0.525, -0.324, -0.753,0
  0.505, -0.361, -0.719,0
  0.508, -0.453, -0.776,0
  0.509, -0.668, -0.727,0
  0.529, -0.493, -0.624,0
  0.450, -0.179, -0.780,0
  0.263,  0.051, -0.702,0
  0.064,  0.359, -1.166,0
  0.063,  0.322, -0.909,0
 -0.058,  0.207, -0.949,0
 -0.233,  0.184, -1.112,0
 -0.246,  0.053, -0.993,0
 -0.246, -0.049, -1.191,0
 -0.231, -0.045, -1.099,0
 -0.375, -0.010, -1.071,0
 -0.438,  0.022, -1.147,0
 -0.139,  0.144, -1.095,0
 -0.155,  0.183, -1.037,0
 -0.239,  0.285, -0.746,0
  0.172, -0.052, -0.543,0
  0.506, -0.098, -0.636,0
  0.572, -0.721, -0.909,0
  0.461, -0.478, -1.058,0
  0.425, -0.349, -1.001,0
  0.351, -0.318, -0.923,0
  0.368, -0.268, -0.924,0
  0.400, -0.365, -0.815,0
  0.392, -0.329, -0.856,0
  0.432, -0.355, -0.815,0
  0.362, -0.324, -0.828,0
  0.374, -0.375, -0.769,0
  0.386, -0.364, -0.792,0
  0.371, -0.386, -0.753,0
  0.389, -0.381, -0.791,0
  0.375, -0.358, -0.791,0
  0.386, -0.374, -0.782,0
  0.385, -0.383, -0.786,0
  0.397, -0.352, -0.866,0
  0.373, -0.360, -0.811,0
  0.364, -0.398, -0.795,0
  0.393, -0.336, -0.824,0
  0.410, -0.332, -0.895,0
  0.389, -0.387, -0.842,0
  0.420, -0.410, -0.775,0
  0.385, -0.414, -0.736,0
  0.379, -0.395, -0.794,0
  0.375, -0.364, -0.767,0
  0.406, -0.403, -0.745,0
  0.382, -0.446, -0.747,0
  0.398, -0.399, -0.783,0
  0.431, -0.440, -0.755,0
  0.400, -0.346, -0.825,0
  0.405, -0.379, -0.785,0
  0.394, -0.398, -0.777,0
  0.401, -0.407, -0.788,0
  0.388, -0.397, -0.750,0
  0.368, -0.400, -0.737,0
  0.380, -0.394, -0.751,0
  0.395, -0.404, -0.754,0
  0.410, -0.408, -0.809,0
  0.400, -0.392, -0.779,0
  0.387, -0.423, -0.751,0
  0.427, -0.401, -0.846,0
  0.416, -0.495, -0.671,0
  0.391, -0.428, -0.758,0
  0.415, -0.418, -0.799,0
  0.426, -0.471, -0.758,0
  0.426, -0.460, -0.731,0
  0.377, -0.519, -0.776,0
  0.372, -0.817, -0.806,0
  0.405, -0.761, -0.647,0
  0.401, -0.465, -0.512,0
  0.206, -0.040, -0.670,0
  0.154,  0.126, -1.206,0
  0.036,  0.186, -0.933,0
 -0.055,  0.092, -0.931,0
 -0.142,  0.102, -1.071,0
 -0.213, -0.012, -1.084,0
 -0.146, -0.095, -1.094,0
 -0.122,  0.010, -1.071,0
 -0.089,  0.006, -1.079,0
 -0.047, -0.043, -0.998,0
 -0.076, -0.056, -1.089,0
 -0.296, -0.176, -1.105,0
 -0.323, -0.050, -1.112,0
 -0.196,  0.177, -1.105,0
 -0.095,  0.128, -1.141,0
 -0.002, -0.081, -0.962,0
  0.144, -0.089, -0.903,0
  0.644, -0.191, -0.496,0
  0.506, -0.562, -0.163,0
  0.467, -0.676, -0.363,0
  0.227, -0.488, -0.891,0
  0.284, -0.806, -0.899,0
  0.300, -0.613, -0.773,0
  0.330, -0.547, -0.647,0
  0.309, -0.643, -0.718,0
  0.305, -0.669, -0.689,0
  0.281, -0.717, -0.606,0
  0.286, -0.662, -0.714,0
  0.264, -0.587, -0.676,0
  0.319, -0.598, -0.692,0
  0.362, -0.666, -0.655,0
  0.313, -0.729, -0.546,0
  0.340, -0.733, -0.559,0
  0.329, -0.701, -0.525,0
  0.353, -0.646, -0.593,0
  0.344, -0.698, -0.566,0
  0.379, -0.692, -0.646,0
  0.350, -0.690, -0.575,0
  0.359, -0.642, -0.645,0
  0.311, -0.668, -0.596,0
  0.330, -0.671, -0.571,0
  0.349, -0.679, -0.596,0
  0.348, -0.680, -0.554,0
  0.412, -0.630, -0.587,0
  0.465, -0.670, -0.511,0
  0.318, -0.564, -0.708,0
  0.347, -0.604, -0.653,0
  0.337, -0.624, -0.632,0
  0.315, -0.652, -0.584,0
  0.307, -0.614, -0.634,0
  0.317, -0.557, -0.721,0
  0.293, -0.529, -0.735,0
  0.285, -0.451, -0.800,0
  0.232, -0.472, -0.779,0
  0.231, -0.316, -0.898,0
  0.192, -0.360, -0.914,0
  0.195, -0.338, -0.872,0
  0.185, -0.348, -0.869,0
  0.198, -0.269, -0.924,0
  0.223, -0.189, -0.927,0
  0.198, -0.177, -0.966,0
  0.198, -0.246, -1.011,0
  0.204, -0.209, -0.919,0
  0.207, -0.226, -0.980,0
  0.208, -0.230, -0.928,0
  0.147, -0.288, -0.905,0
  0.230, -0.263, -1.006,0
  0.214, -0.288, -0.882,0
  0.257, -0.298, -0.961,0
  0.227, -0.333, -0.878,0
  0.262, -0.293, -0.900,0
  0.243, -0.345, -0.893,0
  0.223, -0.367, -0.873,0
  0.234, -0.333, -0.833,0
  0.257, -0.331, -0.876,0
  0.215, -0.351, -0.816,0
  0.240, -0.341, -0.863,0
  0.245, -0.347, -0.873,0
  0.225, -0.376, -0.892,0
  0.201, -0.375, -0.833,0
  0.342, -0.047, -1.006,0
  0.015, -0.581, -0.872,0
  0.185, -0.441, -0.922,0
  0.259, -0.555, -1.214,0
  0.292, -0.516, -0.777,0
  0.429, -0.433, -0.496,0
  0.575, -0.428, -0.384,0
  0.625, -0.438, -0.181,0
  0.743, -0.407, -0.227,0
  0.734, -0.467, -0.116,0
  0.795, -0.415, -0.146,0
  0.800, -0.415, -0.208,0
  0.820, -0.384, -0.162,0
  0.793, -0.372, -0.056,0
  0.820, -0.383, -0.161,0
  0.805, -0.395, -0.109,0
  0.799, -0.387, -0.085,0
  0.820, -0.364, -0.042,0
  0.810, -0.378, -0.115,0
  0.778, -0.384, -0.119,0
  0.794, -0.362, -0.247,0
  0.772, -0.299, -0.294,0
  0.785, -0.334, -0.527,0
  0.771, -0.351, -0.428,0
  0.745, -0.388, -0.353,0
  0.788, -0.370, -0.285,0
  0.790, -0.387, -0.204,0
  0.803, -0.343, -0.131,0
  0.773, -0.361, -0.061,0
  0.808, -0.352, -0.188,0
  0.794, -0.328, -0.134,0
  0.702, -0.336, -0.119,0
  0.596, -0.307, -0.336,0
  0.630, -0.230, -0.959,0
  0.539, -0.164, -0.749,0
  0.464, -0.156, -0.904,0
  0.372, -0.171, -0.738,0
  0.336, -0.003, -1.033,0
  0.230,  0.000, -1.134,0
  0.203, -0.056, -1.003,0
  0.192, -0.047, -0.943,0
  0.221, -0.075, -1.738,0
  0.184, -0.276, -1.004,0
  0.415, -0.504, -0.328,0
  0.642, -0.265, -0.459,0
  0.659,  0.031,  0.200,0
  0.446,  0.174,  1.077,0
  0.562,  0.159,  0.533,0
  0.683,  0.037,  0.450,0
  0.751,  0.178,  0.604,0
  0.667,  0.132,  0.599,0
  0.792,  0.086,  0.309,0
  0.945, -0.123,  0.002,0
  0.960,  0.033, -0.004,0
  0.864, -0.051,  0.181,0
  0.849, -0.125,  0.095,0
  0.928,  0.037,  0.110,0
  0.872,  0.014,  0.193,0
  0.817, -0.007,  0.236,0
  0.892,  0.024,  0.155,0
  0.885,  0.015,  0.158,0
  0.871, -0.018,  0.159,0
  0.854, -0.017,  0.199,0
  0.882,  0.013,  0.158,0
  0.881,  0.004,  0.166,0
  0.887,  0.022,  0.159,0
  0.890,  0.001,  0.111,0
  0.880,  0.029,  0.182,0
  0.869,  0.005,  0.180,0
  0.894,  0.026,  0.115,0
  0.849,  0.001,  0.215,0
  0.888,  0.048,  0.157,0
  0.889,  0.004,  0.147,0
  0.886,  0.027,  0.120,0
  0.850,  0.023,  0.223,0
  0.884,  0.022,  0.148,0
  0.904,  0.049,  0.118,0
  0.877,  0.018,  0.179,0
  0.871,  0.031,  0.161,0
  0.866,  0.029,  0.173,0
  0.897,  0.043,  0.159,0
  0.881,  0.036,  0.159,0
  0.867,  0.014,  0.159,0
  0.892,  0.043,  0.141,0
  0.897,  0.042,  0.170,0
  0.888,  0.042,  0.151,0
  0.872,  0.029,  0.174,0
  0.866,  0.009,  0.185,0
  0.879,  0.044,  0.165,0
  0.871,  0.034,  0.174,0
  0.866,  0.031,  0.166,0
  0.882,  0.067,  0.201,0
  0.880,  0.040,  0.192,0
  0.857,  0.038,  0.196,0
  0.863,  0.049,  0.214,0
  0.869,  0.055,  0.199,0
  0.864,  0.066,  0.196,0
  0.845,  0.036,  0.239,0
  0.883,  0.071,  0.179,0
  0.873,  0.048,  0.184,0
  0.852,  0.061,  0.239,0
  0.898,  0.058,  0.131,0
  0.888,  0.069,  0.144,0
  0.857,  0.041,  0.207,0
  0.856,  0.059,  0.229,0
  0.881,  0.060,  0.182,0
  0.851,  0.049,  0.233,0
  0.866,  0.036,  0.180,0
  0.877,  0.063,  0.188,0
  0.868,  0.043,  0.199,0
  0.860,  0.062,  0.201,0
  0.870,  0.035,  0.183,0
  0.866,  0.047,  0.206,0
  0.840,  0.027,  0.234,0
  0.866,  0.055,  0.186,0
  0.857,  0.065,  0.205,0
  0.872,  0.067,  0.193,0
  0.888,  0.067,  0.142,0
  0.833,  0.027,  0.247,0
  0.881,  0.058,  0.191,0
  0.883,  0.055,  0.156,0
  0.843,  0.045,  0.249,0
  0.847,  0.070,  0.249,0
  0.864,  0.056,  0.216,0
  0.877,  0.088,  0.200,0
  0.864,  0.054,  0.201,0
  0.883,  0.068,  0.152,0
  0.856,  0.041,  0.224,0
  0.858,  0.071,  0.234,0
  0.869,  0.063,  0.206,0
  0.863,  0.071,  0.235,0
  0.870,  0.068,  0.191,0
  0.871,  0.064,  0.211,0
  0.855,  0.051,  0.205,0
  0.828,  0.028,  0.282,0
  0.860,  0.040,  0.214,0
  0.858,  0.056,  0.242,0
  0.863,  0.048,  0.206,0
  0.853,  0.053,  0.233,0
  0.886,  0.060,  0.160,0
  0.843,  0.050,  0.250,0
  0.828,  0.030,  0.250,0
  0.835,  0.051,  0.239,0
  0.827,  0.063,  0.227,0
  0.775,  0.057,  0.253,0
  0.673,  0.144,  0.489,0
  0.572,  0.074,  0.536,0
  0.455,  0.293,  0.740,0
  0.329,  0.395,  0.716,0
  0.136,  0.637,  0.881,0
  0.005,  0.605,  0.952,0
 -0.041,  0.641,  1.055,0
  0.017,  0.588,  1.051,0
  0.157,  0.522,  0.974,0
  0.337,  0.287,  0.753,0
  0.619,  0.152,  0.567,0
  0.719,  0.091,  0.547,0
  0.742, -0.155,  0.220,0
  0.711, -0.392, -0.066,0
  0.793, -0.162,  0.025,0
  0.816, -0.266,  0.054,0
  0.866, -0.208,  0.119,0
  0.926, -0.174,  0.129,0
  0.971, -0.150,  0.118,0
  1.006, -0.116,  0.056,0
  0.910, -0.266,  0.077,0
  0.814, -0.269,  0.071,0
  0.756, -0.492,  0.025,0
  0.814, -0.091,  0.258,0
  0.731, -0.082,  0.298,0
  0.682, -0.213,  0.423,0
  0.770, -0.321,  0.413,0
  0.717, -0.368,  0.391,0
  0.672, -0.451,  0.381,0
  0.577, -0.522,  0.339,0
  0.386, -0.773,  0.447,0
  0.267, -0.902,  0.366,0
  0.317, -0.860,  0.353,0
  0.319, -0.780,  0.481,0
  0.273, -0.843,  0.405,0
  0.250, -0.815,  0.348,0
  0.190, -0.892,  0.387,0
  0.218, -0.890,  0.404,0
  0.387, -0.659,  0.473,0
  0.519, -0.559,  0.366,0
  0.417, -0.656,  0.351,0
  0.221, -0.676,  0.399,0
  0.038, -0.790,  0.626,0
 -0.128, -0.933,  0.868,0
 -0.131, -0.679,  0.704,0
 -0.110, -0.787,  0.740,0
 -0.061, -0.780,  0.739,0
  0.038, -0.802,  0.616,0
  0.120, -0.846,  0.543,0
  0.269, -0.799,  0.380,0
  0.407, -0.688,  0.436,0
  0.491, -0.732,  0.274,0
  0.447, -0.750, -0.034,0
  0.413, -0.760, -0.104,0
  0.510, -0.747, -0.103,0
  0.484, -0.808, -0.006,0
  0.368, -0.778, -0.029,0
  0.234, -0.838,  0.100,0
  0.119, -1.035,  0.294,0
 -0.004, -1.092,  0.298,0
 -0.037, -0.988,  0.291,0
  0.024, -0.989,  0.375,0
  0.039, -0.924,  0.341,0
  0.027, -0.951,  0.358,0
  0.020, -0.927,  0.377,0
  0.066, -0.924,  0.380,0
  0.098, -0.895,  0.341,0
  0.121, -0.907,  0.322,0
  0.135, -0.911,  0.360,0
  0.154, -0.863,  0.326,0
  0.161, -0.896,  0.269,0
  0.140, -0.891,  0.279,0
  0.067, -0.925,  0.369,0
  0.105, -0.868,  0.358,0
  0.126, -0.893,  0.362,0
  0.109, -0.896,  0.381,0
  0.099, -0.918,  0.401,0
  0.108, -0.919,  0.367,0
  0.038, -0.907,  0.375,0
  0.046, -0.911,  0.448,0
  0.052, -0.944,  0.448,0
  0.125, -0.875,  0.414,0
  0.146, -0.858,  0.349,0
  0.158, -0.900,  0.436,0
  0.174, -0.878,  0.420,0
  0.155, -0.839,  0.354,0
  0.081, -0.838,  0.393,0
  0.113, -0.931,  0.307,0
  0.142, -1.078,  0.282,0
  0.182, -0.942,  0.241,0
  0.255, -0.912,  0.153,0
  0.225, -0.842,  0.170,0
  0.229, -0.922,  0.483,0
  0.292, -0.888,  0.394,0
  0.372, -0.680,  0.414,0
  0.459, -0.649,  0.391,0
  0.466, -0.274,  0.176,0
 -0.260, -1.053,  0.097,0
 -0.537, -1.160,  0.417,0
 -0.334, -0.883,  0.322,0
 -0.394, -1.016,  0.357,0
 -0.417, -0.943,  0.267,0
 -0.244, -0.938,  0.317,0
 -0.343, -0.965,  0.356,0
 -0.234, -0.909,  0.268,0
 -0.239, -0.913,  0.346,0
 -0.288, -0.908,  0.406,0
 -0.195, -0.886,  0.387,0
 -0.185, -0.910,  0.377,0
 -0.181, -0.921,  0.384,0
 -0.190, -0.912,  0.395,0
 -0.206, -0.946,  0.417,0
 -0.167, -0.918,  0.325,0
 -0.177, -0.914,  0.305,0
 -0.207, -0.902,  0.326,0
 -0.260, -1.028,  0.436,0
 -0.168, -0.878,  0.262,0
 -0.240, -0.916,  0.348,0
 -0.298, -0.956,  0.437,0
 -0.247, -0.933,  0.318,0
 -0.227, -0.943,  0.220,0
 -0.245, -0.997,  0.266,0
 -0.348, -0.969,  0.171,0
 -0.240, -0.973,  0.035,0
 -0.166, -0.999, -0.100,0
 -0.046, -0.941, -0.255,0
  0.127, -0.872, -0.366,0
  0.216, -0.872, -0.320,0
  0.322, -0.817, -0.056,0
  0.410, -0.880,  0.046,0
  0.348, -0.847,  0.044,0
  0.341, -0.894,  0.206,0
  0.325, -0.862,  0.359,0
  0.308, -0.821,  0.451,0
  0.306, -0.774,  0.396,0
  0.229, -0.863,  0.514,0
  0.309, -0.907,  0.470,0
  0.295, -0.915,  0.366,0
  0.313, -0.920,  0.107,0
  0.289, -0.877, -0.012,0
  0.466, -0.783, -0.265,0
  0.456, -0.592, -0.441,0
  0.498, -0.449, -0.634,0
  0.404, -0.581, -0.693,0
  0.356, -0.435, -0.791,0
  0.397, -0.342, -0.857,0
  0.451, -0.332, -0.792,0
  0.495, -0.203, -0.707,0
  0.651, -0.176, -0.642,0
  0.772, -0.044, -0.568,0
  0.717,  0.028, -0.439,0
  0.749,  0.105, -0.473,0
  0.784,  0.203, -0.438,0
  0.794,  0.410, -0.288,0
  0.853,  0.172, -0.315,0
  0.799,  0.264, -0.262,0
  0.703,  0.350, -0.381,0
  0.669,  0.424, -0.297,0
  0.634,  0.522, -0.348,0
  0.535,  0.694, -0.387,0
  0.569,  0.578, -0.433,0
  0.555,  0.604, -0.473,0
  0.531,  0.632, -0.537,0
  0.469,  0.728, -0.485,0
  0.463,  0.719, -0.422,0
  0.468,  0.861, -0.551,0
  0.486,  0.787, -0.476,0
  0.395,  0.777, -0.698,0
  0.316,  1.433, -0.928,0
  0.206,  0.309, -0.431,0
  0.748, -0.537,  0.012,0
  0.964, -0.192, -0.067,0
  0.400, -0.535, -0.295,0
  0.440, -0.558, -0.147,0
  0.313, -0.221, -0.430,0
  0.397,  0.294, -0.294,0
  0.035, -0.352,  1.084,0
  0.012, -0.666,  1.423,0
  0.066, -0.354,  1.513,0
  0.249, -0.246,  1.879,0
  0.057, -0.278,  0.966,0
  0.075, -0.594,  0.342,0
  0.190, -0.666,  0.386,0
  0.306, -0.861,  0.625,0
  0.307, -0.742,  0.528,0
  0.287, -0.908,  0.331,0
  0.175, -0.535,  0.348,0
  0.152, -0.657,  0.359,0
  0.058, -1.285,  0.112,0
  0.078, -0.921,  0.183,0
  0.076, -0.868,  0.297,0
  0.150, -0.876,  0.335,0
  0.006, -0.753,  0.464,0
 -0.033, -0.756,  0.436,0
  0.094, -0.782,  0.605,0
 -0.076, -0.432,  0.958,0
 -0.104, -0.027,  1.004,0
 -0.309,  0.177,  0.983,0
 -0.416,  0.175,  1.151,0
 -0.315,  0.153,  0.894,0
 -0.384,  0.124,  0.947,0
 -0.365,  0.101,  0.913,0
 -0.397,  0.118,  1.035,0
 -0.240,  0.272,  1.020,0
 -0.136,  0.308,  0.903,0
 -0.053,  0.441,  0.914,0
 -0.116,  0.278,  0.977,0
 -0.149,  0.284,  0.951,0
 -0.276,  0.113,  0.659,0
 -0.150, -0.049,  1.021,0
 -0.268,  0.051,  0.992,0
 -0.221,  0.082,  0.997,0
 -0.249,  0.083,  0.928,0
 -0.245,  0.077,  1.022,0
 -0.230,  0.089,  0.955,0
 -0.216,  0.092,  0.942,0
 -0.248,  0.078,  1.005,0
 -0.231,  0.086,  0.964,0
 -0.209,  0.083,  0.981,0
 -0.246,  0.078,  1.009,0
 -0.229,  0.084,  0.980,0
 -0.235,  0.084,  0.987,0
 -0.244,  0.077,  1.004,0
 -0.228,  0.085,  0.977,0
 -0.225,  0.085,  0.971,0
 -0.230,  0.085,  0.970,0
 -0.225,  0.088,  0.966,0
 -0.225,  0.087,  0.966,0
 -0.239,  0.080,  0.992,0
 -0.218,  0.091,  0.954,0
 -0.213,  0.091,  0.945,0
 -0.237,  0.080,  0.991,0
 -0.225,  0.088,  0.965,0
 -0.213,  0.090,  0.949,0
 -0.227,  0.086,  0.977,0
 -0.235,  0.079,  0.993,0
 -0.237,  0.079,  0.993,0
 -0.245,  0.077,  1.011,0
 -0.200,  0.099,  0.915,0
 -0.217,  0.089,  0.953,0
 -0.213,  0.091,  0.949,0
 -0.235,  0.081,  0.992,0
 -0.245,  0.077,  1.017,0
 -0.259,  0.069,  1.041,0
 -0.239,  0.078,  1.004,0
 -0.232,  0.081,  0.984,0
 -0.224,  0.086,  0.978,0
 -0.258,  0.070,  1.042,0
 -0.208,  0.093,  0.939,0
 -0.240,  0.081,  0.998,0
 -0.203,  0.097,  0.927,0
 -0.231,  0.084,  0.987,0
 -0.250,  0.072,  1.032,0
 -0.226,  0.087,  0.970,0
 -0.231,  0.084,  1.005,0
 -0.246,  0.074,  0.989,0
 -0.235,  0.082,  0.993,0
 -0.197,  0.098,  0.916,0
 -0.217,  0.087,  0.959,0
 -0.234,  0.080,  0.986,0
 -0.222,  0.087,  0.962,0
 -0.217,  0.097,  0.912,0
 -0.237,  0.058,  0.976,0
 -0.262,  0.091,  0.977,0
 -0.176,  0.029,  1.033,0
 -0.166,  0.073,  0.988,0
 -0.253,  0.100,  0.960,0
 -0.212,  0.017,  0.989,0
 -0.234, -0.043,  0.986,0
 -0.195, -0.057,  0.950,0
 -0.218, -0.048,  1.019,0
 -0.223, -0.056,  1.013,0
 -0.220, -0.090,  1.016,0
 -0.180, -0.076,  0.963,0
 -0.174, -0.075,  0.945,0
 -0.169, -0.118,  0.953,0
 -0.192, -0.181,  0.964,0
 -0.167, -0.295,  0.914,0
 -0.168, -0.418,  0.812,0
 -0.191, -0.543,  0.883,0
 -0.179, -0.559,  0.792,0
 -0.193, -0.549,  0.776,0
 -0.189, -0.573,  0.770,0
 -0.191, -0.571,  0.753,0
 -0.195, -0.580,  0.773,0
 -0.174, -0.582,  0.743,0
 -0.191, -0.604,  0.744,0
 -0.194, -0.640,  0.761,0
 -0.181, -0.663,  0.700,0
 -0.197, -0.691,  0.728,0
 -0.207, -0.703,  0.688,0
 -0.242, -0.719,  0.704,0
 -0.208, -0.733,  0.640,0
 -0.217, -0.741,  0.674,0
 -0.129, -0.647,  0.691,0
 -0.202, -0.442,  0.852,0
 -0.200, -0.265,  0.912,0
 -0.026, -0.012,  1.033,0
 -0.194, -0.329,  1.227,0
  0.19