  0.017, -0.005,  0.012,0
  0.961, -0.166, -0.162,0
  0.833, -0.293,  0.109,0
  0.685, -0.021,  0.009,0
  0.744, -0.099, -0.052,0
  0.621, -0.060, -0.106,0
  0.641,  0.101, -0.133,0
  0.592, -0.100, -0.095,0
  0.464, -0.044, -0.039,0
  0.901, -0.156,  0.035,0
  1.321, -0.156,  0.030,0
  1.784, -0.288,  0.071,0
  2.197, -0.183, -0.050,0
  2.531, -0.121, -0.105,0
  2.918, -0.191, -0.102,0
  3.274, -0.183, -0.118,0
  3.657, -0.147, -0.210,0
  3.925, -0.247, -0.183,0
  4.197, -0.419, -0.195,0
  4.528, -0.450, -0.216,0
  4.892, -0.328, -0.300,0
  5.168, -0.338, -0.340,0
  5.349, -0.478, -0.290,0
  5.606, -0.488, -0.322,0
  5.817, -0.517, -0.277,0
  6.097, -0.561, -0.334,0
  6.324, -0.523, -0.377,0
  6.511, -0.539, -0.467,0
  6.609, -0.608, -0.378,0
  6.777, -0.472, -0.496,0
  6.955, -0.444, -0.538,0
  7.043, -0.578, -0.479,0
  7.259, -0.476, -0.547,0
  7.380, -0.483, -0.450,0
  7.528, -0.604, -0.394,0
  7.683, -0.552, -0.397,0
  7.760, -0.555, -0.434,0
  7.853, -0.755, -0.390,0
  8.090, -0.617, -0.520,0
  8.144, -0.644, -0.508,0
  8.256, -0.518, -0.562,0
  8.363, -0.576, -0.539,0
  8.492, -0.540, -0.596,0
  8.528, -0.605, -0.519,0
  8.594, -0.692, -0.478,0
  8.694, -0.706, -0.483,0
  8.804, -0.676, -0.542,0
  8.853, -0.741, -0.503,0
  8.893, -0.672, -0.562,0
  8.920, -0.852, -0.492,0
  8.934, -1.015, -0.459,0
  9.030, -0.922, -0.536,0
  9.032, -0.908, -0.509,0
  9.089, -0.910, -0.549,0
  9.123, -1.045, -0.516,0
  9.158, -1.113, -0.464,0
  9.245, -1.111, -0.476,0
  9.294, -1.003, -0.546,0
  9.353, -1.066, -0.520,0
  9.381, -1.033, -0.499,0
  9.485, -1.019, -0.532,0
  9.470, -1.008, -0.485,0
  9.465, -0.977, -0.484,0
  9.470, -1.147, -0.443,0
  9.567, -1.031, -0.539,0
  9.635, -0.948, -0.572,0
  9.616, -1.017, -0.559,0
  9.689, -0.983, -0.594,0
  9.721, -0.983, -0.629,0
  9.742, -1.051, -0.592,0
  9.693, -0.964, -0.624,0
  9.758, -0.946, -0.641,0
  9.748, -1.081, -0.589,0
  9.763, -1.029, -0.617,0
  9.802, -0.919, -0.741,0
  9.793, -0.914, -0.676,0
  9.761, -1.041, -0.625,0
  9.797, -0.950, -0.636,0
  9.831, -0.982, -0.697,0
  9.878, -0.961, -0.695,0
  9.926, -0.937, -0.686,0
  9.933, -0.924, -0.721,0
  9.884, -0.923, -0.746,0
  9.936, -0.831, -0.782,0
  9.871, -0.979, -0.671,0
  9.900, -0.909, -0.726,0
  9.884, -1.111, -0.640,0
  9.903, -1.076, -0.718,0
 10.005, -1.039, -0.730,0
 10.087, -0.901, -0.783,0
 10.102, -0.854, -0.879,0
 10.031, -0.770, -0.892,0
 10.012, -1.008, -0.743,0
 10.017, -0.910, -0.779,0
 10.063, -0.856, -0.821,0
 10.053, -0.968, -0.886,0
 10.092, -0.991, -0.836,0
 10.157, -1.011, -0.835,0
 10.159, -0.989, -0.781,0
 10.113, -1.107, -0.670,0
 10.153, -1.231, -0.664,0
 10.082, -1.167, -0.743,0
 10.044, -1.074, -0.749,0
 10.061, -0.994, -0.843,0
 10.014, -1.120, -0.788,0
  9.929, -1.304, -0.745,0
 10.019, -1.286, -0.797,0
 10.037, -1.123, -0.844,0
 10.029, -1.228, -0.761,0
  9.993, -1.267, -0.675,0
 10.028, -1.195, -0.732,0
 10.008, -1.172, -0.772,0
 10.016, -1.318, -0.769,0
 10.081, -1.236, -0.790,0
 10.083, -1.288, -0.784,0
 10.034, -1.349, -0.698,0
 10.063, -1.315, -0.733,0
 10.077, -1.365, -0.711,0
 10.099, -1.316, -0.695,0
 10.144, -1.173, -0.751,0
 10.144, -1.163, -0.768,0
 10.172, -1.174, -0.792,0
 10.185, -1.180, -0.772,0
 10.270, -1.045, -0.792,0
 10.293, -0.978, -0.798,0
 10.230, -1.091, -0.696,0
 10.199, -1.159, -0.653,0
 10.236, -1.016, -0.741,0
 10.271, -1.084, -0.782,0
 10.329, -0.917, -0.875,0
 10.322, -0.913, -0.843,0
 10.324, -1.067, -0.788,0
 10.314, -1.168, -0.740,0
 10.305, -1.258, -0.696,0
 10.396, -1.132, -0.811,0
 10.395, -1.066, -0.864,0
 10.410, -1.009, -0.863,0
 10.356, -1.083, -0.852,0
 10.339, -1.201, -0.765,0
 10.299, -1.239, -0.729,0
 10.310, -1.293, -0.713,0
 10.272, -1.289, -0.688,0
 10.270, -1.260, -0.663,0
 10.272, -1.262, -0.650,0
 10.284, -1.315, -0.673,0
 10.308, -1.203, -0.705,0
 10.268, -1.185, -0.735,0
 10.294, -1.177, -0.771,0
 10.367, -1.103, -0.782,0
 10.433, -1.100, -0.858,0
 10.357, -1.153, -0.822,0
 10.440, -1.014, -0.961,0
 10.506, -1.014, -0.993,0
 10.482, -1.104, -0.972,0
 10.480, -1.042, -1.056,0
 10.528, -1.075, -1.063,0
 10.482, -1.025, -0.995,0
 10.485, -1.066, -0.949,0
 10.560, -0.948, -1.105,0
 10.536, -1.014, -1.069,0
 10.553, -0.900, -1.159,0
 10.591, -0.769, -1.192,0
 10.584, -0.723, -1.196,0
 10.535, -0.694, -1.181,0
 10.578, -0.783, -1.174,0
 10.561, -0.702, -1.166,0
 10.579, -0.697, -1.115,0
 10.545, -0.722, -1.040,0
 10.565, -0.717, -1.047,0
 10.566, -0.626, -1.092,0
 10.523, -0.851, -0.963,0
 10.528, -0.879, -0.936,0
 10.549, -0.889, -0.918,0
 10.511, -0.936, -0.863,0
 10.563, -0.959, -0.874,0
 10.568, -0.901, -0.963,0
 10.580, -0.877, -1.004,0
 10.633, -0.807, -1.021,0
 10.616, -0.794, -1.003,0
 10.608, -0.812, -0.963,0
 10.597, -0.731, -0.961,0
 10.587, -0.814, -0.901,0
 10.536, -1.043, -0.771,0
 10.556, -1.073, -0.780,0
 10.598, -1.066, -0.822,0
 10.565, -1.117, -0.855,0
 10.558, -1.108, -0.863,0
 10.586, -0.991, -0.840,0
 10.601, -0.967, -0.836,0
 10.580, -1.018, -0.744,0
 10.605, -0.884, -0.822,0
 10.583, -1.006, -0.770,0
 10.607, -1.016, -0.735,0
 10.555, -1.116, -0.684,0
 10.550, -1.152, -0.704,0
 10.517, -1.213, -0.630,0
 10.550, -1.170, -0.616,0
 10.500, -1.063, -0.634,0
 10.469, -1.014, -0.650,0
 10.478, -0.915, -0.712,0
 10.443, -0.848, -0.733,0
 10.460, -1.058, -0.645,0
 10.448, -1.127, -0.643,0
 10.486, -1.114, -0.679,0
 10.499, -1.059, -0.681,0
 10.486, -1.167, -0.632,0
 10.493, -1.015, -0.670,0
 10.504, -1.153, -0.670,0
 10.503, -1.237, -0.633,0
 10.516, -1.258, -0.648,0
 10.528, -1.304, -0.624,0
 10.566, -1.311, -0.618,0
 10.661, -1.209, -0.698,0
 10.628, -1.307, -0.684,0
 10.620, -1.320, -0.667,0
 10.629, -1.206, -0.682,0
 10.639, -1.158, -0.675,0
 10.675, -0.979, -0.749,0
 10.647, -1.092, -0.635,0
 10.690, -1.032, -0.748,0
 10.708, -1.058, -0.791,0
 10.711, -1.051, -0.794,0
 10.717, -1.054, -0.857,0
 10.704, -0.989, -0.855,0
 10.656, -0.971, -0.740,0
 10.734, -0.967, -0.756,0
 10.778, -0.881, -0.781,0
 10.820, -0.938, -0.774,0
 10.797, -1.059, -0.701,0
 10.823, -1.046, -0.755,0
 10.835, -1.014, -0.808,0
 10.763, -1.113, -0.787,0
 10.839, -1.167, -0.743,0
 10.786, -1.053, -0.795,0
 10.840, -0.947, -0.806,0
 10.802, -1.086, -0.791,0
 10.774, -1.102, -0.837,0
 10.765, -1.136, -0.802,0
 10.691, -1.306, -0.775,0
 10.706, -1.362, -0.774,0
 10.700, -1.268, -0.780,0
 10.695, -1.277, -0.784,0
 10.713, -1.243, -0.786,0
 10.666, -1.381, -0.663,0
 10.643, -1.364, -0.659,0
 10.596, -1.559, -0.577,0
 10.583, -1.518, -0.604,0
 10.533, -1.691, -0.480,0
 10.536, -1.603, -0.554,0
 10.489, -1.527, -0.590,0
 10.514, -1.412, -0.630,0
 10.561, -1.290, -0.747,0
 10.632, -1.150, -0.801,0
 10.609, -1.160, -0.741,0
 10.647, -1.116, -0.775,0
 10.597, -1.259, -0.735,0
 10.640, -1.251, -0.765,0
 10.634, -1.161, -0.750,0
 10.543, -1.207, -0.710,0
 10.567, -1.168, -0.747,0
 10.534, -1.139, -0.771,0
 10.517, -1.084, -0.839,0
 10.471, -1.035, -0.882,0
 10.442, -1.064, -0.862,0
 10.491, -0.944, -0.912,0
 10.484, -1.070, -0.869,0
 10.479, -1.095, -0.812,0
 10.494, -1.070, -0.838,0
 10.503, -1.066, -0.799,0
 10.532, -0.969, -0.818,0
 10.539, -0.897, -0.847,0
 10.496, -0.990, -0.767,0
 10.512, -0.920, -0.804,0
 10.470, -0.945, -0.783,0
 10.532, -0.867, -0.766,0
 10.505, -0.924, -0.746,0
 10.553, -0.989, -0.704,0
 10.498, -0.973, -0.728,0
 10.433, -1.103, -0.712,0
 10.434, -1.111, -0.717,0
 10.438, -1.142, -0.718,0
 10.441, -1.130, -0.794,0
 10.383, -1.054, -0.755,0
 10.366, -1.069, -0.763,0
 10.389, -1.089, -0.766,0
 10.284, -1.283, -0.677,0
 10.336, -1.260, -0.699,0
 10.381, -1.190, -0.726,0
 10.428, -1.081, -0.725,0
 10.433, -1.056, -0.674,0
 10.407, -1.273, -0.594,0
 10.420, -1.193, -0.676,0
 10.448, -1.082, -0.745,0
 10.476, -1.014, -0.812,0
 10.385, -1.123, -0.701,0
 10.423, -1.031, -0.798,0
 10.367, -1.082, -0.755,0
 10.401, -0.995, -0.795,0
 10.366, -1.014, -0.812,0
 10.327, -1.150, -0.715,0
 10.385, -1.051, -0.774,0
 10.407, -1.114, -0.743,0
 10.352, -0.936, -0.808,0
 10.389, -0.915, -0.777,0
 10.413, -0.936, -0.750,0
 10.402, -0.831, -0.915,0
 10.433, -0.929, -0.817,0
 10.430, -0.866, -0.824,0
 10.430, -0.854, -0.763,0
 10.516, -0.768, -0.807,0
 10.495, -0.845, -0.783,0
 10.526, -0.759, -0.792,0
 10.456, -0.914, -0.736,0
 10.460, -0.832, -0.816,0
 10.430, -0.820, -0.804,0
 10.407, -0.840, -0.748,0
 10.366, -0.953, -0.701,0
 10.458, -0.953, -0.771,0
 10.381, -0.957, -0.787,0
 10.320, -1.147, -0.741,0
 10.383, -1.086, -0.698,0
 10.438, -0.955, -0.744,0
 10.421, -1.037, -0.639,0
 10.437, -0.955, -0.664,0
 10.464, -0.899, -0.689,0
 10.480, -0.938, -0.748,0
 10.459, -0.825, -0.774,0
 10.367, -0.851, -0.728,0
 10.354, -0.728, -0.795,0
 10.333, -0.785, -0.754,0
 10.324, -0.819, -0.727,0
 10.341, -0.967, -0.732,0
 10.280, -1.054, -0.703,0
 10.303, -0.988, -0.770,0
 10.269, -0.942, -0.734,0
 10.283, -1.096, -0.678,0
 10.289, -1.162, -0.681,0
 10.283, -1.158, -0.700,0
 10.321, -1.061, -0.721,0
 10.262, -1.140, -0.671,0
 10.326, -1.039, -0.760,0
 10.285, -1.072, -0.693,0
  9.809, -8.976, 19.340,0
 11.655, -3.794,  4.944,0
 11.922, -3.246,  3.480,0
 12.030, -3.107,  2.513,0
 17.464, -4.574, -1.130,0
 18.047, -5.211, -3.692,0
 18.202, -4.080, -2.620,0
 17.157, -3.504, -1.763,0
 18.057, -3.199, -3.402,0
 21.048, -8.451, -2.363,0
 24.308,-14.334, -6.169,0
 13.516,-24.581,-22.314,0
  4.379,-32.387,-40.728,0
  0.184,-40.756,-41.446,0
-22.155,-45.783,-22.493,0
-33.821,-47.020,-12.358,0
-40.291,-46.598, -6.084,0
-44.959,-45.872, -2.824,0
-48.694,-46.098,  1.209,0
-53.004,-45.962,  6.966,0
-57.850,-45.398, 13.171,0
-60.344,-47.677, 19.755,0
-46.111,-47.756, 30.561,0
-17.755,-45.201, 28.643,0
  4.070,-41.329, 19.728,0
 16.252,-39.358, 13.378,0
 17.763,-31.594, 11.114,0
 22.269,-29.955,  6.255,0
 25.807,-25.645,  2.622,0
 26.820,-22.431,  1.234,0
 27.940,-19.572, -0.187,0
 28.617,-15.888, -0.660,0
 28.545,-26.420, -9.085,0
 24.779,-38.151,-34.129,0
  9.304,-42.653,-51.370,0
 15.133,-47.871,-69.075,0
 11.435,-53.242,-70.716,0
 -0.591,-57.588,-63.143,0
  2.467,-60.638,-66.831,0
  4.595,-62.419,-68.672,0
 -4.771,-64.312,-58.371,0
 -9.524,-66.180,-52.045,0
 -1.255,-68.532,-58.874,0
 19.246,-69.039,-76.775,0
 35.381,-69.863,-86.282,0
 10.854,-71.431,-47.749,0
-32.155,-66.165, 14.161,0
  5.946,-67.132,  0.085,0
-225.791,-66.930,-107.648,0
-214.423,-56.902,-106.490,0
-202.106,-40.680,-108.664,0
-193.029,-30.939,-107.965,0
-197.827,-27.354,-100.581,0
-196.368,-21.272,-93.795,0
-195.633,-16.898,-93.005,0
-194.006,-12.478,-90.550,0
-192.566, -7.539,-88.497,0
-188.110, -6.673,-89.866,0
-198.793, -8.070,-81.073,0
-220.498, -7.710,-58.339,0
-226.615, -5.368,-40.820,0
-222.860,  2.187,-36.444,0
-217.826,  9.919,-34.306,0
-212.722, 15.802,-33.094,0
-208.231, 22.668,-31.603,0
-202.801, 27.404,-29.937,0
-198.142, 32.476,-28.163,0
-192.997, 33.921,-28.076,0
-184.929, 24.389,-31.771,0
-162.511,  4.073,-55.622,0
-139.039, -7.213,-90.573,0
-122.174,-11.022,-115.623,0
-120.991, -8.634,-122.487,0
-119.464, -3.569,-123.052,0
-118.188,  2.742,-123.618,0
-118.833,  7.251,-123.579,0
-119.482, 11.902,-123.215,0
-119.960, 16.764,-121.974,0
-120.369, 22.050,-120.876,0
-122.066, 28.263,-119.533,0
-128.527, 38.337,-118.078,0
-134.325, 41.588,-117.645,0
-138.194, 42.173,-118.482,0
-141.439, 42.784,-121.594,0
-144.994, 41.347,-122.315,0
-149.418, 36.793,-124.445,0
-149.861, 31.466,-121.641,0
-151.814, 30.600,-118.419,0
-150.415, 30.902,-106.645,0
-154.820, 34.318,-107.359,0
-156.242, 36.082,-104.660,0
-158.111, 36.798,-103.767,0
-163.029, 35.748,-103.947,0
-160.936, 37.847,-99.424,0
-163.698, 38.848,-99.681,0
-170.836, 35.849,-105.291,0
-176.697, 37.994,-104.360,0
-182.477, 40.526,-101.775,0
-187.745, 37.843,-99.990,0
-202.290, 41.100,-90.344,0
-216.073, 44.819,-90.122,0
-218.741, 40.766,-88.741,0
-222.897, 39.872,-86.192,0
-221.139, 35.056,-80.851,0
-213.278, 33.806,-82.144,0
-211.424, 31.245,-82.414,0
-211.307, 27.669,-98.096,0
-222.084, 15.062,-122.166,0
-235.389, 10.062,-145.772,0
-249.756, 12.675,-160.509,0
-260.062, 13.906,-171.536,0
-267.745, 16.000,-177.428,0
-270.820, 16.369,-180.669,0
-270.908, 16.324,-182.746,0
-269.212, 14.769,-184.272,0
-264.885, 10.878,-183.318,0
-255.521, -3.049,-169.401,0
-230.396,  1.396,-157.585,0
-211.087, -3.026,-136.706,0
-203.295, -3.242,-119.349,0
-197.833, 11.822,-115.570,0
-202.219,  7.242,-109.488,0
-199.249,  6.105,-105.028,0
-200.776,  6.275,-97.951,0
-203.790,  7.201,-93.410,0
-205.483,  7.169,-90.288,0
-209.020,  7.852,-86.166,0
-218.170,  9.967,-83.642,0
-232.542, 11.095,-94.970,0
-243.428, 10.013,-116.666,0
-261.109,  9.408,-138.216,0
-281.443, 10.321,-154.155,0
-302.372, 12.370,-163.333,0
 44.519, 18.271,-169.204,0
 41.124, 27.203,-166.634,0
 44.406, 25.086,-163.767,0
 46.047, 23.544,-164.679,0
 46.881, 24.604,-165.156,0
 46.667, 25.792,-166.770,0
 48.449, 24.271,-166.517,0
 56.102, 16.566,-158.030,0
-294.263,  9.321,-140.662,0
-281.095, -9.735,-119.580,0
-264.664,-13.917,-100.661,0
-255.624,-14.265,-79.675,0
-250.224,-15.462,-75.001,0
-249.346,-15.833,-73.127,0
-255.115,-14.732,-66.205,0
-258.991,-13.011,-61.726,0
-260.312,-10.973,-60.985,0
-260.581, -9.512,-61.543,0
-262.361, -7.775,-58.472,0
-262.803, -6.332,-58.344,0
-262.621, -6.752,-61.443,0
-258.657,-16.134,-64.365,0
-264.873,-11.753,-60.573,0
-266.155,-10.494,-61.752,0
-268.403, -9.317,-59.784,0
-269.753,-13.170,-57.902,0
-268.228,-13.591,-57.480,0
-268.467,-12.922,-55.331,0
-271.150,-12.899,-52.010,0
-274.554,-12.870,-48.666,0
-277.337,-12.321,-45.554,0
-280.388,-12.436,-41.757,0
-283.442,-12.679,-37.892,0
-286.747,-12.914,-34.548,0
-289.843,-12.673,-31.050,0
-292.665,-12.020,-28.537,0
-295.384,-11.500,-26.270,0
-297.871,-11.087,-23.917,0
-300.546,-10.267,-21.719,0
 56.940, -9.749,-19.693,0
 54.780, -8.985,-18.095,0
 52.780, -8.096,-16.541,0
 50.544, -7.357,-15.262,0
 48.705, -6.734,-13.861,0
 46.816, -6.280,-12.610,0
 44.961, -5.666,-11.637,0
 43.172, -5.245,-10.753,0
 41.642, -4.888, -9.935,0
 40.121, -4.411, -9.196,0
 38.474, -3.453, -8.877,0
 36.139, -2.430, -8.223,0
 32.485, -0.036, -7.356,0
 29.384,  2.557, -6.654,0
 29.240, -1.081, -5.794,0
 37.262, -6.881, -9.858,0
 39.859, -5.129,-11.655,0
 40.671, -1.338,-12.218,0
 41.801,  0.796,-13.324,0
 41.832,  3.848,-13.333,0
 40.161,  3.027,-12.106,0
 39.961,  4.537,-11.219,0
 40.680,  6.219,-13.658,0
 40.089,  4.356,-12.071,0
 40.113,  3.662,-10.052,0
 39.628,  3.738, -9.352,0
 39.279,  2.957, -8.435,0
 38.299,  2.709, -6.630,0
 37.764,  2.647, -6.105,0
 37.409,  2.452, -5.600,0
 36.814,  2.103, -4.655,0
 36.327,  2.048, -3.821,0
 35.845,  1.885, -3.641,0
 35.406,  1.612, -3.241,0
 34.906,  1.418, -3.003,0
 34.388,  1.258, -2.764,0
 34.090,  1.098, -2.744,0
 33.720,  1.062, -2.315,0
 33.399,  0.843, -2.112,0
 33.149,  0.897, -1.833,0
 32.916,  0.632, -1.774,0
 32.706,  0.695, -1.714,0
 32.541,  0.614, -1.611,0
 32.374,  0.567, -1.606,0
 32.167,  0.541, -1.559,0
 32.023,  0.612, -1.587,0
 31.909,  0.426, -1.539,0
 31.718,  0.461, -1.451,0
 31.561,  0.502, -1.542,0
 31.415,  0.353, -1.516,0
 31.293,  0.121, -1.487,0
 31.191,  0.103, -1.559,0
 30.983,  0.137, -1.463,0
 30.768, -0.019, -1.257,0
 30.651,  0.055, -1.217,0
 30.593,  0.193, -1.235,0
 30.476,  0.173, -1.169,0
 30.470,  0.160, -1.206,0
 30.394,  0.006, -1.222,0
 30.297, -0.146, -1.170,0
 30.257, -0.215, -1.130,0
 30.117, -0.318, -1.098,0
 30.028, -0.370, -1.049,0
 29.974, -0.387, -1.062,0
 29.953, -0.306, -1.105,0
 29.960, -0.200, -1.234,0
 29.926, -0.251, -1.225,0
 29.922, -0.244, -1.167,0
 29.952, -0.085, -1.107,0
 29.920, -0.001, -1.153,0
 29.914, -0.074, -1.185,0
 29.829, -0.054, -1.108,0
 29.845, -0.061, -1.233,0
 29.774, -0.049, -1.233,0
 29.664, -0.143, -1.213,0
 29.565, -0.388, -1.059,0
 29.552, -0.428, -1.006,0
 29.584, -0.182, -1.087,0
 29.570, -0.226, -1.155,0
 29.568, -0.304, -1.187,0
 29.507, -0.241, -1.268,0
 29.482, -0.316, -1.219,0
 29.505, -0.359, -1.172,0
 29.456, -0.435, -1.108,0
 29.494, -0.225, -1.257,0
 29.531, -0.241, -1.905,0
 29.468, -0.442, -1.482,0
 29.352, -0.588, -1.305,0
 29.303, -0.647, -1.310,0
 29.315, -0.620, -1.425,0
 29.361, -0.631, -1.444,0
 29.362, -0.648, -1.470,0
 29.333, -0.560, -1.560,0
 29.331, -0.559, -1.464,0
 29.326, -0.518, -1.373,0
 29.130, -0.531, -1.170,0
 29.151, -0.581, -1.197,0
 29.264, -0.507, -1.451,0
 29.315, -0.550, -1.405,0
 29.257, -0.490, -1.357,0
 28.996, -0.375, -1.137,0
 28.371, -0.139, -1.155,0
 29.135, -0.528,  1.540,0
 26.457,  0.465,  3.093,0
 26.739,  0.606,  0.159,0
 27.787, -0.061,  1.140,0
 27.524, -3.666,  6.078,0
 26.997, -6.829,  6.885,0
 24.877,-11.722,  6.175,0
 24.506,-12.400,  8.212,0
 27.772,-15.347,  8.008,0
 29.257,-15.771,  6.438,0
 30.709,-16.317,  5.005,0
 32.085,-16.752,  3.522,0
 33.567,-17.038,  1.982,0
 35.028,-17.431,  0.459,0
 36.348,-17.794, -0.820,0
 37.640,-18.041, -2.094,0
 38.829,-18.290, -3.224,0
 40.151,-18.537, -4.405,0
 41.378,-18.675, -5.479,0
 42.383,-19.160, -6.177,0
 43.487,-19.278, -7.160,0
 44.680,-19.174, -8.172,0
 45.743,-19.295, -8.921,0
 46.823,-19.281, -9.725,0
 47.818,-19.383,-10.534,0
 48.803,-19.420,-11.280,0
 49.868,-19.320,-12.144,0
 50.734,-19.477,-12.738,0
 51.643,-19.461,-13.356,0
 52.537,-19.416,-14.047,0
 53.387,-19.417,-14.614,0
 54.148,-19.413,-15.059,0
 54.949,-19.450,-15.555,0
 55.674,-19.510,-16.047,0
 56.463,-19.501,-16.496,0
-302.824,-19.475,-16.910,0
-302.154,-19.493,-17.295,0
-301.545,-19.569,-17.602,0
-300.963,-19.611,-17.930,0
-300.338,-19.478,-18.301,0
-299.743,-19.545,-18.513,0
-299.186,-19.491,-18.798,0
-298.650,-19.296,-19.202,0
-298.176,-19.410,-19.478,0
-297.753,-19.475,-19.647,0
-297.283,-19.474,-19.901,0
-296.835,-19.564,-20.124,0
-296.483,-19.602,-20.237,0
-296.044,-19.502,-20.414,0
-294.082,-20.816,-15.995,0
-283.775,-20.078,-23.604,0
-282.992,-20.106,-23.764,0
-286.499,-20.300,-21.664,0
-286.720,-20.451,-21.645,0
-286.872,-20.246,-21.658,0
-287.024,-20.042,-21.860,0
-287.228,-19.946,-21.865,0
-287.406,-19.881,-21.867,0
-287.556,-19.818,-21.892,0
-287.674,-19.765,-21.909,0
-287.803,-19.650,-21.938,0
-287.876,-19.510,-21.918,0
-288.021,-19.415,-21.924,0
-288.183,-19.391,-21.878,0
-288.329,-19.430,-21.893,0
-288.457,-19.400,-21.856,0
-288.645,-19.454,-21.798,0
-288.726,-19.473,-21.757,0
-288.869,-19.390,-21.744,0
-289.000,-19.427,-21.740,0
-289.152,-19.366,-21.716,0
-289.194,-19.346,-21.700,0
-289.335,-19.274,-21.661,0
-289.395,-19.259,-21.678,0
-289.500,-19.165,-21.697,0
-289.619,-19.459,-21.675,0
-289.695,-19.416,-21.686,0
-289.725,-19.450,-21.721,0
-289.766,-19.468,-21.782,0
-289.947,-19.351,-21.802,0
-290.030,-19.279,-21.861,0
-290.149,-19.336,-21.765,0
-290.268,-19.316,-21.718,0
-290.327,-19.279,-21.776,0
-290.517,-19.385,-21.637,0
-290.689,-19.586,-21.543,0
-290.811,-19.603,-21.449,0
-290.942,-19.557,-21.379,0
-291.045,-19.494,-21.425,0
-291.161,-19.538,-21.396,0
-291.307,-19.656,-21.290,0
-291.381,-19.663,-21.284,0
-291.433,-19.600,-21.277,0
-291.514,-19.637,-21.206,0
-291.635,-19.658,-21.120,0
-291.629,-19.569,-21.044,0
-291.761,-19.608,-20.965,0
-291.761,-19.671,-21.033,0
-291.688,-19.490,-21.019,0
-291.742,-19.527,-20.976,0
-291.826,-19.645,-20.950,0
-291.875,-19.739,-20.948,0
-291.913,-19.721,-20.962,0
-292.004,-19.804,-20.929,0
-292.038,-19.720,-20.954,0
-292.123,-19.723,-20.896,0
-292.131,-19.642,-20.918,0
-292.184,-19.622,-20.896,0
-292.227,-19.550,-20.916,0
-292.209,-19.631,-20.847,0
-292.248,-19.673,-20.841,0
-292.239,-19.508,-20.838,0
-292.356,-19.556,-20.805,0
-292.415,-19.430,-20.787,0
-292.441,-19.356,-20.819,0
-292.501,-19.416,-20.816,0
-292.569,-19.534,-20.786,0
-292.526,-19.439,-20.881,0
-292.575,-19.577,-20.866,0
-292.620,-19.534,-20.877,0
-292.593,-19.520,-20.857,0
-292.560,-19.446,-20.839,0
-292.624,-19.431,-20.791,0
-292.639,-19.420,-20.786,0
-292.629,-19.531,-20.793,0
-292.614,-19.308,-20.819,0
-292.594,-19.370,-20.728,0
-292.638,-19.395,-20.659,0
-292.725,-19.624,-20.652,0
-292.775,-19.584,-20.742,0
-292.865,-19.642,-20.700,0
-292.895,-19.697,-20.613,0
-293.039,-19.568,-20.505,0
-292.951,-19.480,-20.621,0
-292.942,-19.392,-20.636,0
-292.943,-19.300,-20.640,0
-292.977,-19.279,-20.623,0
-292.978,-19.448,-20.473,0
-292.975,-19.475,-20.486,0
-292.961,-19.510,-20.561,0
-292.931,-19.501,-20.569,0
-292.921,-19.608,-20.560,0
-292.919,-19.790,-20.608,0
-292.870,-19.719,-20.673,0
-292.910,-19.777,-20.647,0
-292.892,-19.819,-20.671,0
-292.874,-19.781,-20.774,0
-292.825,-19.680,-20.795,0
-292.756,-19.626,-20.833,0
-292.605,-19.442,-20.917,0
-292.653,-19.373,-20.906,0
-292.676,-19.472,-20.856,0
-292.639,-19.511,-20.880,0
-292.708,-19.428,-20.907,0
-292.729,-19.447,-20.842,0
-292.797,-19.402,-20.809,0
-292.835,-19.442,-20.780,0
-292.890,-19.476,-20.724,0
-292.887,-19.477,-20.781,0
-292.891,-19.414,-20.756,0
-292.828,-19.341,-20.769,0
-292.896,-19.339,-20.667,0
-292.915,-19.362,-20.709,0
-292.907,-19.464,-20.732,0
-292.929,-19.501,-20.747,0
-292.898,-19.454,-20.735,0
-292.912,-19.478,-20.741,0
-292.924,-19.490,-20.742,0
-292.961,-19.537,-20.741,0
-293.025,-19.520,-20.768,0
-293.008,-19.372,-20.791,0
-293.038,-19.519,-20.704,0
-293.022,-19.294,-20.711,0
-293.126,-19.413,-20.653,0
-293.113,-19.376,-20.660,0
-293.164,-19.509,-20.688,0
-293.181,-19.546,-20.646,0
-293.078,-19.468,-20.644,0
-293.090,-19.459,-20.585,0
-293.135,-19.549,-20.579,0
-293.213,-19.666,-20.579,0
-293.137,-19.655,-20.561,0
-293.085,-19.533,-20.579,0
-293.151,-19.598,-20.604,0
-293.150,-19.668,-20.583,0
-293.155,-19.798,-20.518,0
-293.162,-19.807,-20.531,0
-293.156,-19.679,-20.503,0
-293.211,-19.703,-20.551,0
-293.287,-19.817,-20.536,0
-293.266,-19.820,-20.520,0
-293.266,-19.734,-20.580,0
-293.255,-19.804,-20.568,0
-293.297,-19.705,-20.565,0
-293.301,-19.775,-20.608,0
-293.260,-19.746,-20.606,0
-293.230,-19.822,-20.591,0
-293.238,-19.794,-20.570,0
-293.239,-19.759,-20.559,0
-293.255,-19.699,-20.605,0
-293.315,-19.641,-20.568,0
-293.305,-19.690,-20.571,0
-293.338,-19.736,-20.610,0
-293.315,-19.731,-20.549,0
-293.305,-19.584,-20.490,0
-293.254,-19.502,-20.479,0
-293.289,-19.600,-20.456,0
-293.274,-19.629,-20.445,0
-293.280,-19.520,-20.482,0
-293.314,-19.636,-20.484,0
-293.350,-19.692,-20.499,0
-293.317,-19.645,-20.533,0
-293.330,-19.752,-20.484,0
-293.344,-19.644,-20.486,0
-293.332,-19.703,-20.483,0
-293.318,-19.799,-20.489,0
-293.287,-19.690,-20.486,0
-293.370,-19.809,-20.512,0
-293.312,-19.660,-20.554,0
-293.290,-19.612,-20.539,0
-293.252,-19.562,-20.546,0
-293.268,-19.506,-20.562,0
-293.244,-19.446,-20.551,0
-293.179,-19.471,-20.599,0
-293.123,-19.335,-20.596,0
-293.110,-19.375,-20.612,0
-293.142,-19.502,-20.522,0
-293.130,-19.525,-20.528,0
-293.066,-19.527,-20.534,0
-293.049,-19.679,-20.552,0
-293.045,-19.778,-20.533,0
-292.969,-19.622,-20.531,0
-293.002,-19.678,-20.508,0
-293.002,-19.784,-20.569,0
-292.937,-19.537,-20.601,0
-292.959,-19.452,-20.647,0
-292.996,-19.528,-20.618,0
-293.031,-19.731,-20.627,0
-293.093,-19.678,-20.587,0
-293.145,-19.754,-20.557,0
-293.118,-19.676,-20.625,0
-293.133,-19.596,-20.615,0
-293.149,-19.500,-20.589,0
-293.232,-19.474,-20.549,0
-293.206,-19.506,-20.542,0
-293.228,-19.530,-20.530,0
-293.250,-19.367,-20.531,0
-293.251,-19.439,-20.454,0
-293.294,-19.467,-20.388,0
-293.275,-19.479,-20.377,0
-293.297,-19.520,-20.351,0
-293.339,-19.616,-20.346,0
-293.355,-19.530,-20.358,0
-293.308,-19.480,-20.375,0
-293.261,-19.568,-20.386,0
-293.251,-19.620,-20.378,0
-293.202,-19.499,-20.402,0
-293.168,-19.455,-20.419,0
-293.163,-19.361,-20.477,0
-293.160,-19.500,-20.460,0
-293.189,-19.452,-20.482,0
-293.198,-19.488,-20.459,0
-293.204,-19.524,-20.506,0
-293.206,-19.415,-20.528,0
-293.195,-19.468,-20.544,0
-293.180,-19.484,-20.540,0
-293.222,-19.555,-20.494,0
-293.225,-19.642,-20.481,0
-293.250,-19.668,-20.510,0
-293.254,-19.651,-20.528,0
-293.241,-19.715,-20.529,0
-293.169,-19.728,-20.516,0
-293.129,-19.836,-20.524,0
-293.149,-19.874,-20.528,0
-293.131,-19.808,-20.585,0
-293.155,-19.799,-20.529,0
-293.128,-19.742,-20.535,0
-293.113,-19.723,-20.554,0
-293.125,-19.789,-20.497,0
-293.154,-19.722,-20.482,0
-293.182,-19.780,-20.519,0
-293.152,-19.742,-20.515,0
-293.115,-19.706,-20.534,0
-293.057,-19.658,-20.504,0
-293.126,-19.784,-20.463,0
-293.184,-19.772,-20.418,0
-293.222,-19.765,-20.440,0
-293.268,-19.774,-20.427,0
-293.232,-19.846,-20.442,0
-293.253,-19.871,-20.431,0
-293.228,-19.805,-20.409,0
-293.250,-19.802,-20.456,0
-293.331,-19.815,-20.473,0
-293.293,-19.770,-20.511,0
-293.382,-19.846,-20.490,0
-293.392,-19.909,-20.481,0
-293.351,-19.927,-20.508,0
-293.304,-19.817,-20.569,0
-293.283,-19.676,-20.555,0
-293.221,-19.563,-20.558,0
-293.301,-19.590,-20.576,0
-293.276,-19.475,-20.542,0
-293.349,-19.540,-20.510,0
-293.317,-19.570,-20.475,0
-293.305,-19.458,-20.510,0
-293.320,-19.376,-20.544,0
-293.327,-19.526,-20.505,0
-293.385,-19.491,-20.518,0
-293.376,-19.477,-20.467,0
-293.388,-19.443,-20.519,0
-293.369,-19.471,-20.507,0
-293.449,-19.600,-20.537,0
-293.355,-19.603,-20.516,0
-293.271,-19.486,-20.581,0
-293.280,-19.438,-20.570,0
-293.285,-19.538,-20.551,0
-293.225,-19.391,-20.562,0
-293.193,-19.453,-20.500,0
-293.171,-19.568,-20.461,0
-293.152,-19.551,-20.472,0
-293.188,-19.596,-20.449,0
-293.211,-19.451,-20.486,0
-293.197,-19.453,-20.485,0
-293.181,-19.481,-20.477,0
-293.121,-19.482,-20.501,0
-293.112,-19.510,-20.534,0
-293.141,-19.528,-20.503,0
-293.120,-19.503,-20.509,0
-293.111,-19.435,-20.519,0
-293.116,-19.583,-20.509,0
-293.047,-19.577,-20.491,0
-293.017,-19.512,-20.535,0
-293.007,-19.617,-20.562,0
-293.009,-19.550,-20.579,0
-293.108,-19.671,-20.526,0
-293.062,-19.594,-20.539,0
-293.018,-19.558,-20.543,0
-293.002,-19.530,-20.531,0
-293.018,-19.450,-20.509,0
-293.096,-19.467,-20.570,0
-293.037,-19.364,-20.609,0
-293.176,-19.536,-20.491,0
-293.300,-19.585,-20.423,0
-293.259,-19.524,-20.498,0
-293.325,-19.661,-20.495,0
-293.365,-19.616,-20.535,0
-293.336,-19.505,-20.507,0
-293.328,-19.463,-20.545,0
-293.341,-19.350,-20.481,0
-293.352,-19.281,-20.464,0
-293.392,-19.327,-20.479,0
-293.461,-19.499,-20.470,0
-293.510,-19.614,-20.422,0
-293.460,-19.667,-20.401,0
-293.416,-19.662,-20.336,0
-293.357,-19.769,-20.284,0
-293.354,-19.669,-20.329,0
-293.292,-19.629,-20.313,0
-293.235,-19.538,-20.409,0
-292.981,-19.549,-20.568,0
-293.069,-19.639,-20.423,0
-293.069,-19.663,-20.426,0
-293.038,-19.578,-20.490,0
-293.051,-19.567,-20.459,0
-292.959,-19.458,-20.499,0
-292.993,-19.456,-20.506,0
-293.022,-19.508,-20.457,0
-292.983,-19.396,-20.503,0
-293.080,-19.548,-20.459,0
-293.043,-19.509,-20.529,0
-293.097,-19.692,-20.488,0
-293.048,-19.620,-20.479,0
-293.090,-19.630,-20.476,0
-293.117,-19.639,-20.455,0
-293.110,-19.562,-20.525,0
-293.095,-19.559,-20.508,0
-293.138,-19.661,-20.494,0
-293.124,-19.640,-20.485,0
-293.099,-19.668,-20.449,0
-293.095,-19.637,-20.461,0
-293.156,-19.742,-20.471,0
-293.187,-19.772,-20.509,0
-293.113,-19.632,-20.492,0
-293.203,-19.707,-20.511,0
-293.245,-19.762,-20.518,0
-293.251,-19.785,-20.566,0
-293.280,-19.866,-20.497,0
-293.293,-19.800,-20.531,0
-293.345,-19.874,-20.504,0
-293.302,-19.821,-20.568,0
-293.260,-19.718,-20.582,0
-293.258,-19.597,-20.557,0
-293.204,-19.631,-20.585,0
-293.212,-19.614,-20.585,0
-293.227,-19.582,-20.528,0
-293.227,-19.586,-20.535,0
-293.227,-19.503,-20.503,0
-293.282,-19.537,-20.447,0
-293.281,-19.536,-20.452,0
-293.264,-19.551,-20.469,0
-293.248,-19.578,-20.476,0
-293.289,-19.601,-20.437,0
-293.287,-19.597,-20.478,0
-293.280,-19.669,-20.447,0
-293.269,-19.599,-20.432,0
-293.263,-19.621,-20.416,0
-293.283,-19.553,-20.393,0
-293.269,-19.467,-20.447,0
-293.256,-19.434,-20.458,0
-293.291,-19.447,-20.494,0
-293.347,-19.424,-20.428,0
-293.323,-19.280,-20.434,0
-293.304,-19.369,-20.430,0
-293.254,-19.344,-20.442,0
-293.263,-19.343,-20.416,0
-293.197,-19.466,-20.399,0
-293.169,-19.595,-20.400,0
-293.203,-19.620,-20.393,0
-293.215,-19.578,-20.389,0
-293.237,-19.733,-20.384,0
-293.274,-19.693,-20.397,0
-293.223,-19.684,-20.436,0
-293.331,-19.767,-20.370,0
-293.333,-19.686,-20.419,0
-293.289,-19.613,-20.482,0
-293.296,-19.530,-20.525,0
-293.407,-19.772,-20.376,0
-293.413,-19.594,-20.445,0
-293.357,-19.540,-20.513,0
-293.320,-19.588,-20.498,0
-293.287,-19.564,-20.499,0
-293.333,-19.640,-20.528,0
-293.366,-19.625,-20.543,0
-293.321,-19.522,-20.600,0
-293.276,-19.382,-20.586,0
-293.267,-19.353,-20.616,0
-293.306,-19.391,-20.593,0
-293.262,-19.348,-20.644,0
-293.288,-19.300,-20.626,0
-293.290,-19.439,-20.643,0
-293.260,-19.478,-20.623,0
-293.257,-19.363,-20.629,0
-293.284,-19.411,-20.623,0
-293.319,-19.458,-20.609,0
-293.273,-19.429,-20.635,0
-293.235,-19.447,-20.670,0
-293.212,-19.462,-20.663,0
-293.274,-19.605,-20.637,0
-293.260,-19.671,-20.584,0
-293.230,-19.604,-20.610,0
-293.169,-19.558,-20.681,0
-293.190,-19.512,-20.645,0
-293.221,-19.548,-20.634,0
-293.247,-19.648,-20.587,0
-293.187,-19.570,-20.609,0
-293.220,-19.694,-20.640,0
-293.180,-19.609,-20.659,0
-293.111,-19.557,-20.631,0
-293.130,-19.515,-20.601,0
-293.138,-19.409,-20.573,0
-293.113,-19.421,-20.613,0
-293.130,-19.358,-20.639,0
-293.127,-19.439,-20.618,0
-293.146,-19.577,-20.617,0
-293.190,-19.467,-20.589,0
-293.277,-19.546,-20.574,0
-293.253,-19.579,-20.649,0
-293.249,-19.641,-20.680,0
-293.238,-19.555,-20.640,0
-293.215,-19.531,-20.662,0
-293.270,-19.529,-20.606,0
-293.241,-19.517,-20.668,0
-293.252,-19.447,-20.635,0
-293.249,-19.481,-20.596,0
-293.268,-19.477,-20.634,0
-293.310,-19.521,-20.621,0
-293.356,-19.581,-20.593,0
-293.410,-19.512,-20.564,0
-293.356,-19.471,-20.557,0
-293.380,-19.568,-20.529,0
-293.416,-19.636,-20.517,0
-293.437,-19.610,-20.514,0
-293.400,-19.660,-20.513,0
-293.337,-19.644,-20.554,0
-293.292,-19.599,-20.617,0
-293.279,-19.527,-20.637,0
-293.283,-19.492,-20.658,0
-293.266,-19.474,-20.660,0
-293.240,-19.389,-20.630,0
-293.134,-19.444,-20.631,0
-293.114,-19.604,-20.612,0
-293.080,-19.466,-20.586,0
-293.154,-19.481,-20.602,0
-293.119,-19.388,-20.582,0
-293.085,-19.451,-20.592,0
-293.075,-19.646,-20.578,0
-293.017,-19.582,-20.522,0
-293.117,-19.484,-20.560,0
-293.171,-19.436,-20.603,0
-293.234,-19.576,-20.540,0
-293.197,-19.698,-20.474,0
-293.118,-19.726,-20.506,0
-293.137,-19.620,-20.482,0
-293.095,-19.589,-20.559,0
-293.122,-19.735,-20.573,0
-293.107,-19.660,-20.632,0
-293.126,-19.432,-20.569,0
-293.150,-19.478,-20.547,0
-293.158,-19.518,-20.626,0
-293.157,-19.507,-20.624,0
-293.117,-19.467,-20.634,0
-293.181,-19.418,-20.605,0
-293.196,-19.455,-20.577,0
-293.199,-19.415,-20.576,0
-293.201,-19.358,-20.580,0
-293.180,-19.406,-20.563,0
-293.241,-19.569,-20.586,0
-293.229,-19.557,-20.626,0
-293.242,-19.557,-20.587,0
-293.199,-19.512,-20.490,0
-293.123,-19.398,-20.510,0
-293.133,-19.399,-20.489,0
-293.049,-19.288,-20.518,0
-293.006,-19.326,-20.598,0
-293.061,-19.396,-20.559,0
-292.980,-19.466,-20.601,0
-292.960,-19.486,-20.649,0
-292.954,-19.525,-20.631,0
-292.986,-19.620,-20.657,0
-292.981,-19.697,-20.712,0
-292.954,-19.658,-20.752,0
-293.023,-19.588,-20.699,0
-293.128,-19.586,-20.622,0
-293.155,-19.580,-20.646,0
-293.222,-19.623,-20.575,0
-293.252,-19.632,-20.587,0
-293.261,-19.781,-20.567,0
-293.279,-19.807,-20.547,0
-293.222,-19.719,-20.559,0
-293.209,-19.619,-20.585,0
-293.198,-19.585,-20.606,0
-293.304,-19.778,-20.551,0
-293.312,-19.658,-20.561,0
-293.283,-19.650,-20.525,0
-293.278,-19.576,-20.503,0
-293.268,-19.584,-20.455,0
-293.201,-19.611,-20.540,0
-293.228,-19.525,-20.523,0
-293.266,-19.646,-20.466,0
-293.213,-19.550,-20.541,0
-293.190,-19.473,-20.554,0
-293.169,-19.471,-20.502,0
-293.181,-19.411,-20.497,0
-293.181,-19.422,-20.475,0
-293.198,-19.383,-20.471,0
-293.219,-19.369,-20.459,0
-293.262,-19.363,-20.449,0
-293.250,-19.437,-20.455,0
-293.232,-19.418,-20.476,0
-293.233,-19.423,-20.470,0
-293.215,-19.413,-20.472,0
-293.262,-19.429,-20.486,0
-293.268,-19.412,-20.520,0
-293.339,-19.450,-20.446,0
-293.354,-19.398,-20.427,0
-293.377,-19.436,-20.377,0
-293.370,-19.407,-20.375,0
-293.351,-19.431,-20.369,0
-293.408,-19.460,-20.353,0
-293.435,-19.401,-20.358,0
-293.476,-19.439,-20.313,0
-293.460,-19.451,-20.326,0
-293.427,-19.429,-20.411,0
-293.483,-19.451,-20.377,0
-293.484,-19.449,-20.375,0
-293.532,-19.528,-20.352,0
-293.538,-19.483,-20.353,0
-293.504,-19.405,-20.383,0
-293.551,-19.328,-20.361,0
-293.532,-19.437,-20.388,0
-293.603,-19.432,-20.408,0
-293.596,-19.470,-20.375,0
-293.613,-19.557,-20.340,0
-293.619,-19.652,-20.335,0
-293.604,-19.576,-20.301,0
-293.682,-19.606,-20.284,0
-293.641,-19.641,-20.288,0
-293.627,-19.627,-20.269,0
-293.653,-19.600,-20.232,0
-293.695,-19.720,-20.240,0
-293.746,-19.782,-20.186,0
-293.724,-19.713,-20.180,0
-293.716,-19.745,-20.166,0
-293.694,-19.733,-20.206,0
-293.703,-19.729,-20.179,0
-293.671,-19.717,-20.206,0
-293.637,-19.741,-20.218,0
-293.659,-19.707,-20.263,0
-293.650,-19.687,-20.295,0
-293.621,-19.587,-20.298,0
-293.605,-19.622,-20.247,0
-293.587,-19.648,-20.222,0
-293.579,-19.786,-20.234,0
-293.671,-19.877,-20.100,0
-293.665,-19.932,-20.026,0
-293.554,-19.817,-20.167,0
-293.552,-19.656,-20.186,0
-293.470,-19.522,-20.225,0
-293.469,-19.567,-20.195,0
-293.454,-19.499,-20.260,0
-293.400,-19.521,-20.314,0
-292.468,-20.013,-22.361,0
-293.218,-21.435,-28.776,0
-289.216,-19.295,-26.760,0
-286.549,-19.178,-29.566,0
-283.922,-15.605,-26.855,0
-284.514, -6.440,-29.249,0
-285.970, -5.856,-20.905,0
-285.843, -9.565,-15.289,0
-288.615,-10.023,-14.976,0
-292.500, -7.927,-13.585,0
-295.939, -5.906,-13.224,0
