 -0.001, -0.017, -0.011,0
 -0.993, -0.347,  0.148,0
 -0.865, -0.056,  0.080,0
 -0.929, -0.312,  0.181,0
 -1.788, -0.670,  0.456,0
 -2.660, -1.106,  0.741,0
 -3.485, -1.479,  0.876,0
 -4.330, -1.821,  1.027,0
 -5.038, -2.020,  1.198,0
 -5.855, -2.325,  1.333,0
 -6.555, -2.454,  1.499,0
 -7.248, -2.567,  1.706,0
 -7.831, -2.644,  1.860,0
 -8.398, -2.669,  2.027,0
 -8.943, -2.965,  2.089,0
 -9.537, -3.141,  2.172,0
-10.091, -3.133,  2.281,0
-10.678, -3.392,  2.406,0
-11.302, -3.554,  2.580,0
-11.925, -3.915,  2.736,0
-12.377, -3.944,  2.851,0
-12.807, -3.965,  2.950,0
-13.200, -4.031,  3.115,0
-13.737, -4.081,  3.323,0
-14.228, -4.243,  3.383,0
-14.666, -4.108,  3.406,0
-15.117, -4.434,  3.504,0
-15.487, -4.522,  3.639,0
-15.899, -4.364,  3.731,0
-16.212, -4.427,  3.825,0
-16.680, -4.615,  3.950,0
-17.094, -4.913,  4.058,0
-17.389, -4.988,  4.183,0
-17.746, -5.138,  4.336,0
-17.994, -5.238,  4.425,0
-18.388, -5.382,  4.553,0
-18.712, -5.573,  4.621,0
-19.058, -5.583,  4.751,0
-19.334, -5.601,  4.825,0
-19.643, -5.603,  4.942,0
-19.959, -5.611,  5.055,0
-20.202, -5.703,  5.200,0
-20.426, -5.652,  5.256,0
-20.601, -5.734,  5.351,0
-20.934, -5.747,  5.421,0
-21.230, -5.647,  5.455,0
-21.507, -5.812,  5.505,0
-21.666, -5.923,  5.572,0
-21.809, -5.877,  5.653,0
-21.938, -5.947,  5.711,0
-22.135, -6.061,  5.825,0
-22.362, -6.107,  5.950,0
-22.560, -6.194,  6.030,0
-22.771, -6.137,  6.067,0
-22.999, -6.199,  6.129,0
-23.261, -6.389,  6.168,0
-23.422, -6.425,  6.321,0
-23.607, -6.656,  6.464,0
-23.901, -6.668,  6.249,0
-24.932, -7.047,  6.736,0
-31.030, -4.990, 13.449,0
-39.056, -3.041, 19.757,0
-43.834, -1.882, 21.751,0
-48.558, -1.178, 23.512,0
-52.405, -0.950, 24.530,0
-56.844, -0.719, 25.530,0
-60.669, -0.545, 26.127,0
-64.167, -0.376, 26.853,0
292.488,  0.052, 27.481,0
289.243,  0.416, 28.017,0
286.167,  0.554, 28.652,0
283.183,  0.634, 29.276,0
280.359,  1.068, 29.708,0
277.598,  1.175, 30.219,0
274.869,  1.410, 30.641,0
272.329,  1.580, 31.091,0
269.866,  2.136, 31.386,0
267.489,  2.454, 31.712,0
265.150,  2.617, 32.110,0
262.983,  2.727, 32.486,0
260.881,  3.021, 32.736,0
258.893,  3.392, 33.008,0
257.026,  3.628, 33.276,0
255.191,  3.842, 33.542,0
253.386,  4.006, 33.865,0
251.702,  4.263, 34.075,0
250.135,  4.480, 34.286,0
248.623,  4.695, 34.442,0
247.049,  5.069, 34.529,0
245.680,  5.452, 34.634,0
244.381,  5.688, 34.823,0
243.133,  5.979, 35.026,0
241.931,  6.326, 35.204,0
240.805,  6.548, 35.362,0
239.687,  6.859, 35.456,0
238.641,  6.969, 35.627,0
237.654,  7.218, 35.706,0
236.679,  7.155, 35.795,0
235.773,  7.281, 35.857,0
234.924,  7.565, 35.966,0
234.081,  7.884, 35.898,0
233.329,  8.058, 35.978,0
232.498,  8.168, 36.049,0
231.801,  8.266, 36.130,0
231.144,  8.170, 36.278,0
230.526,  8.277, 36.271,0
229.904,  8.271, 36.332,0
229.334,  8.500, 36.323,0
228.802,  8.797, 36.296,0
228.298,  8.893, 36.455,0
227.814,  9.045, 36.526,0
227.371,  8.948, 36.573,0
226.929,  9.183, 36.511,0
226.526,  9.522, 36.446,0
226.146,  9.717, 36.410,0
225.774,  9.691, 36.454,0
225.444,  9.951, 36.562,0
225.132, 10.062, 36.642,0
224.807, 10.307, 36.684,0
224.486, 10.357, 36.670,0
224.166, 10.420, 36.850,0
223.926, 10.236, 36.864,0
223.685, 10.333, 36.807,0
223.510, 10.561, 36.780,0
223.321, 10.591, 36.800,0
223.125, 10.623, 36.859,0
222.968, 10.819, 36.761,0
222.787, 10.728, 36.719,0
222.545, 10.477, 36.852,0
222.407, 10.560, 36.775,0
222.262, 10.799, 36.801,0
222.133, 10.643, 36.838,0
222.040, 10.784, 36.854,0
221.880, 10.751, 36.845,0
221.722, 10.892, 36.846,0
221.619, 11.023, 36.815,0
221.538, 10.937, 36.894,0
221.450, 10.922, 36.803,0
221.373, 11.149, 36.809,0
221.258, 11.105, 36.899,0
221.143, 10.864, 37.060,0
221.094, 11.058, 36.982,0
221.048, 11.181, 36.947,0
220.960, 11.144, 36.962,0
220.931, 11.420, 36.874,0
220.871, 11.404, 36.892,0
220.760, 11.350, 36.976,0
220.676, 11.294, 37.017,0
220.621, 11.278, 36.977,0
220.586, 11.308, 37.072,0
220.531, 11.506, 36.927,0
220.500, 11.662, 36.860,0
220.464, 11.730, 36.911,0
220.362, 11.428, 37.009,0
220.335, 11.451, 36.975,0
220.309, 11.618, 36.881,0
220.228, 11.671, 36.940,0
220.201, 11.729, 36.936,0
220.148, 11.714, 37.009,0
220.117, 11.750, 36.998,0
220.113, 11.651, 37.002,0
220.067, 11.647, 36.992,0
220.021, 11.504, 37.016,0
220.047, 11.554, 36.951,0
220.003, 11.526, 36.972,0
219.967, 11.631, 36.907,0
219.958, 11.627, 36.920,0
219.922, 11.864, 36.894,0
219.900, 11.847, 36.868,0
219.893, 11.812, 36.882,0
219.865, 11.723, 36.956,0
220.373, 10.695, 37.239,0
220.702, 11.189, 37.642,0
220.781, 11.137, 37.781,0
219.622, 11.229, 39.454,0
221.711,  9.765, 40.469,0
227.728,  3.266, 41.719,0
238.618, -0.417, 40.902,0
248.339, -1.398, 35.755,0
254.335, -1.722, 33.246,0
257.936, -2.527, 32.813,0
265.087, -2.506, 30.845,0
273.389, -3.427, 25.496,0
278.781, -2.154, 22.838,0
281.791, -1.918, 22.788,0
286.105, -2.161, 19.809,0
286.895, -3.529, 20.356,0
286.791, -4.523, 22.532,0
286.911, -5.580, 22.946,0
284.419, -4.821, 24.397,0
277.814, -8.377, 27.262,0
271.297,-13.957, 30.800,0
269.321,-17.051, 34.212,0
268.199,-19.257, 39.196,0
273.329,-21.567, 37.297,0
272.762,-14.239, 38.794,0
275.189,-15.626, 34.847,0
276.836,-19.019, 31.064,0
274.512,-22.007, 32.994,0
265.551,-24.301, 43.138,0
255.031,-20.999, 56.652,0
243.445,-15.755, 67.882,0
239.787, -6.975, 67.207,0
235.491,  0.111, 69.316,0
234.429,  4.616, 72.169,0
229.874,  7.809, 76.894,0
225.763, 11.954, 80.611,0
221.352, 16.094, 82.797,0
216.490, 19.914, 84.459,0
214.483, 25.464, 91.149,0
213.614, 31.219, 91.817,0
211.343, 38.803, 79.516,0
205.879, 45.504, 75.459,0
197.008, 51.939, 70.633,0
190.168, 58.001, 66.171,0
181.016, 60.650, 57.728,0
174.975, 63.962, 52.791,0
169.124, 67.370, 46.981,0
168.700, 71.237, 46.929,0
170.425, 74.466, 49.568,0
169.811, 76.604, 48.380,0
170.174, 78.581, 48.964,0
169.956, 80.248, 48.920,0
169.732, 82.095, 49.184,0
169.267, 83.390, 48.687,0
169.473, 84.732, 49.051,0
169.170, 86.061, 48.773,0
168.796, 87.222, 48.308,0
168.528, 88.242, 47.928,0
168.358, 89.286, 47.762,0
167.476, 90.137, 46.842,0
167.334, 91.064, 46.699,0
167.536, 91.842, 46.559,0
169.933, 92.269, 48.609,0
173.202, 93.603, 49.805,0
178.516, 95.387, 54.398,0
182.838, 96.030, 58.911,0
179.479, 96.226, 55.295,0
175.225, 96.108, 51.833,0
170.274, 95.701, 46.868,0
166.199, 94.990, 42.777,0
161.742, 94.127, 38.355,0
157.755, 93.005, 34.353,0
155.005, 92.160, 31.389,0
152.135, 91.052, 28.269,0
150.050, 90.136, 25.849,0
148.374, 89.006, 23.856,0
146.456, 87.387, 21.632,0
144.908, 86.228, 19.593,0
143.561, 84.637, 17.687,0
142.601, 83.861, 16.188,0
142.045, 82.513, 14.966,0
141.666, 81.323, 13.858,0
140.507, 80.574, 11.969,0
139.358, 79.178, 10.262,0
138.934, 79.523, 10.275,0
141.275, 82.223, 15.145,0
143.430, 83.939, 19.074,0
140.305, 84.140, 19.577,0
143.652, 85.749, 22.991,0
147.338, 87.194, 23.340,0
145.974, 89.741, 18.817,0
153.190, 91.632, 26.755,0
153.922, 90.154, 28.698,0
160.329, 88.657, 36.619,0
165.859, 85.411, 40.677,0
171.078, 81.560, 46.086,0
172.042, 75.092, 46.835,0
172.933, 68.454, 47.953,0
173.127, 60.640, 49.057,0
172.380, 53.943, 47.763,0
173.022, 47.730, 48.484,0
177.242, 38.337, 50.857,0
182.397, 28.051, 49.724,0
190.929, 18.712, 47.291,0
197.609, 13.092, 45.246,0
207.243, 10.910, 41.336,0
215.939,  9.979, 39.599,0
222.750,  7.721, 38.158,0
228.256,  4.628, 38.985,0
233.451,  1.085, 38.611,0
236.628, -2.851, 38.724,0
238.391, -4.428, 40.915,0
239.800, -4.594, 42.923,0
237.734, -4.206, 46.179,0
234.292, -2.387, 51.709,0
226.299,  0.020, 57.499,0
212.630,  6.804, 68.443,0
199.063, 25.430, 84.540,0
189.191, 46.933, 86.439,0
172.143, 60.646, 73.112,0
152.901, 65.402, 55.476,0
143.859, 65.226, 43.705,0
142.771, 62.416, 38.163,0
147.008, 60.877, 37.935,0
150.264, 57.894, 38.121,0
153.710, 55.623, 38.110,0
156.978, 54.365, 38.035,0
160.087, 52.972, 38.253,0
163.094, 52.128, 39.198,0
166.046, 50.971, 39.054,0
168.711, 50.752, 39.510,0
170.926, 50.330, 39.800,0
172.641, 49.795, 39.813,0
174.083, 49.490, 39.437,0
175.832, 49.693, 40.175,0
178.365, 48.882, 41.757,0
185.052, 46.724, 46.597,0
197.327, 43.013, 53.703,0
212.711, 35.744, 50.779,0
225.994, 32.417, 47.890,0
241.826, 29.624, 35.913,0
254.097, 27.659, 25.410,0
264.719, 25.274, 15.053,0
269.916, 20.165, 11.122,0
270.512, 14.029, 11.575,0
270.324,  9.966, 14.275,0
271.095,  5.133, 17.001,0
271.704,  0.358, 19.674,0
269.773, -4.636, 23.476,0
259.134, -7.837, 31.886,0
239.470, -7.927, 54.108,0
224.117,  8.369, 68.374,0
200.280, 28.461, 71.306,0
182.728, 33.494, 54.198,0
172.405, 41.528, 55.089,0
172.068, 44.857, 53.014,0
170.992, 45.885, 48.936,0
171.954, 45.868, 45.658,0
173.666, 45.025, 43.271,0
175.284, 44.873, 43.147,0
177.086, 44.477, 42.552,0
179.040, 44.507, 43.122,0
180.891, 44.402, 43.649,0
182.916, 44.008, 42.686,0
184.218, 43.753, 43.223,0
185.426, 43.776, 43.871,0
186.692, 43.747, 44.214,0
187.712, 43.693, 44.025,0
188.526, 43.787, 44.648,0
189.551, 43.896, 45.573,0
190.026, 43.755, 45.024,0
190.757, 43.564, 44.905,0
191.433, 43.105, 45.584,0
192.122, 42.780, 44.821,0
193.088, 42.679, 43.212,0
193.381, 42.423, 43.049,0
194.191, 42.016, 43.173,0
195.172, 42.186, 43.417,0
195.500, 42.375, 43.642,0
195.712, 42.335, 43.396,0
196.360, 42.284, 42.263,0
196.890, 41.839, 43.270,0
197.320, 42.043, 43.732,0
198.420, 43.104, 45.279,0
198.364, 42.691, 43.959,0
198.527, 43.085, 44.043,0
198.978, 43.226, 43.608,0
199.021, 43.190, 43.969,0
199.066, 43.240, 44.241,0
199.365, 43.341, 44.604,0
199.236, 43.248, 44.541,0
199.248, 43.377, 44.534,0
199.377, 43.248, 44.260,0
199.288, 43.090, 44.162,0
199.323, 43.102, 44.125,0
198.902, 43.211, 43.421,0
198.858, 43.190, 43.786,0
198.900, 43.134, 43.423,0
198.899, 43.231, 43.225,0
199.123, 43.213, 44.030,0
199.861, 43.542, 44.919,0
201.078, 43.070, 46.130,0
205.949, 40.148, 49.270,0
218.400, 33.891, 49.131,0
235.360, 29.859, 47.095,0
254.295, 30.115, 36.479,0
266.533, 34.343, 32.996,0
277.027, 30.062, 24.902,0
285.493, 26.700, 19.183,0
289.427, 20.243, 16.973,0
289.642, 13.585, 18.674,0
289.077,  9.195, 23.170,0
288.415,  5.292, 25.166,0
287.490,  2.396, 26.855,0
285.405,  0.649, 29.801,0
284.167, -1.109, 31.517,0
284.268, -4.585, 33.047,0
284.419, -7.583, 35.356,0
278.950, -8.600, 39.726,0
264.124, -7.463, 51.658,0
245.141,  3.617, 67.670,0
226.232, 19.545, 73.982,0
202.391, 33.774, 72.062,0
186.961, 45.619, 72.519,0
178.766, 54.023, 70.254,0
174.393, 56.650, 62.245,0
172.944, 55.933, 58.925,0
172.986, 52.805, 56.065,0
173.459, 51.062, 53.555,0
174.026, 49.384, 52.533,0
175.578, 47.501, 51.749,0
177.897, 46.142, 53.220,0
180.400, 44.054, 52.991,0
182.682, 41.953, 51.810,0
184.467, 41.184, 50.672,0
187.053, 40.034, 46.138,0
189.316, 39.417, 45.961,0
191.674, 39.105, 48.630,0
193.214, 38.741, 49.950,0
193.289, 39.533, 52.111,0
194.379, 39.761, 52.603,0
195.338, 40.075, 51.935,0
195.999, 39.942, 51.031,0
196.979, 39.924, 50.512,0
197.290, 40.057, 51.860,0
197.361, 40.040, 51.391,0
197.345, 39.329, 51.706,0
197.800, 39.240, 51.896,0
197.739, 38.401, 49.479,0
197.408, 39.635, 51.286,0
198.277, 43.189, 60.920,0
196.389, 43.008, 58.204,0
193.753, 42.264, 56.505,0
193.810, 42.796, 58.316,0
194.279, 42.740, 58.465,0
193.422, 42.347, 58.137,0
187.428, 45.201, 65.074,0
187.814, 43.946, 61.593,0
188.073, 43.277, 60.730,0
184.998, 45.522, 62.547,0
184.168, 44.128, 58.878,0
184.909, 43.525, 56.254,0
185.256, 42.021, 56.059,0
186.428, 40.817, 57.536,0
187.626, 39.823, 54.243,0
187.429, 39.236, 54.451,0
188.272, 37.002, 51.762,0
189.814, 36.580, 48.627,0
191.139, 35.582, 46.859,0
192.128, 35.675, 45.300,0
193.832, 35.094, 45.368,0
195.787, 33.971, 45.103,0
197.473, 33.620, 44.430,0
198.670, 33.291, 43.474,0
200.081, 33.017, 44.528,0
200.849, 33.246, 44.556,0
201.884, 33.251, 45.380,0
203.028, 33.062, 45.853,0
203.865, 33.225, 46.301,0
204.734, 33.361, 46.612,0
205.122, 33.782, 46.627,0
205.428, 34.204, 46.561,0
205.560, 34.518, 46.553,0
206.301, 34.742, 46.710,0
206.772, 34.749, 47.065,0
199.145, 36.244, 46.394,0
189.582, 35.936, 46.806,0
187.407, 33.575, 46.149,0
186.939, 28.759, 44.739,0
188.859, 22.701, 41.522,0
192.054, 21.529, 38.129,0
194.272, 19.794, 37.136,0
195.497, 18.913, 39.185,0
195.976, 20.224, 40.063,0
196.284, 22.513, 41.821,0
196.733, 26.415, 42.964,0
197.053, 30.508, 43.523,0
197.391, 34.047, 43.802,0
197.852, 38.530, 44.307,0
198.191, 43.106, 43.620,0
198.350, 46.521, 43.782,0
198.655, 49.920, 43.828,0
199.444, 53.923, 44.216,0
200.826, 58.491, 44.786,0
202.829, 62.985, 45.419,0
205.368, 67.458, 46.029,0
207.708, 71.501, 45.817,0
209.187, 73.906, 45.093,0
207.433, 72.899, 43.811,0
205.806, 71.844, 41.757,0
204.984, 70.540, 39.516,0
204.666, 70.235, 38.079,0
205.148, 71.044, 38.033,0
206.498, 73.000, 39.453,0
207.662, 75.517, 40.634,0
209.308, 78.115, 44.081,0
213.713, 83.730, 47.441,0
225.510, 90.110, 58.053,0
238.317, 91.636, 74.191,0
240.198, 92.172, 77.318,0
240.477, 91.838, 79.252,0
238.945, 91.020, 79.548,0
238.569, 91.024, 82.203,0
234.918, 90.021, 78.275,0
224.077, 86.612, 67.237,0
218.516, 83.189, 61.594,0
207.059, 72.957, 46.029,0
195.086, 54.610, 34.634,0
195.649, 40.386, 37.623,0
197.682, 30.102, 31.634,0
200.514, 17.426, 26.591,0
200.939, 10.198, 11.982,0
199.716, 12.201,  7.092,0
199.511, 16.915,  3.140,0
200.016, 21.091, -0.572,0
198.684, 29.027, -3.051,0
195.612, 39.945, -3.691,0
193.769, 49.526, -3.257,0
192.339, 54.847, -3.207,0
189.962, 58.487, -4.384,0
189.082, 62.387, -4.534,0
189.122, 65.483, -5.572,0
187.831, 68.145, -7.774,0
186.943, 70.887, -9.226,0
185.661, 73.423,-10.619,0
183.989, 75.896,-12.599,0
182.610, 77.935,-14.227,0
181.272, 80.148,-15.680,0
179.809, 82.139,-17.182,0
178.311, 83.647,-18.852,0
177.047, 85.080,-20.305,0
175.854, 86.455,-21.546,0
174.609, 87.931,-22.978,0
172.318, 89.257,-25.456,0
170.813, 90.272,-27.077,0
168.978, 91.550,-29.058,0
166.357, 92.697,-31.733,0
164.364, 93.630,-33.801,0
162.950, 94.382,-35.380,0
160.480, 95.039,-37.932,0
158.858, 95.737,-39.595,0
156.674, 96.254,-41.894,0
153.679, 96.689,-45.053,0
151.911, 97.230,-46.944,0
148.854, 97.602,-50.087,0
146.754, 98.224,-52.069,0
144.677, 98.417,-54.180,0
142.993, 98.793,-55.875,0
140.401, 98.876,-58.475,0
137.748, 99.155,-61.061,0
135.605, 99.260,-63.105,0
133.951, 99.581,-64.775,0
130.526, 99.790,-68.351,0
128.459,100.095,-70.404,0
126.736,100.222,-72.261,0
125.958,100.638,-73.080,0
123.558,100.634,-75.420,0
121.695,100.585,-77.430,0
119.662,100.566,-79.471,0
117.611,100.633,-81.553,0
116.103,100.545,-83.075,0
114.593,100.635,-84.708,0
112.116,100.409,-87.147,0
110.955,100.416,-88.076,0
109.651,100.128,-89.381,0
107.622, 99.949,-91.411,0
106.470, 99.916,-92.487,0
106.197, 99.809,-92.711,0
105.103, 99.723,-93.705,0
103.365, 99.404,-95.390,0
102.502, 99.337,-96.119,0
101.184, 99.071,-97.478,0
 99.815, 99.113,-98.761,0
 98.782, 99.038,-99.681,0
 98.391, 98.766,-100.150,0
 97.863, 98.757,-100.544,0
 96.643, 98.512,-101.793,0
 96.054, 98.474,-102.424,0
 94.990, 98.429,-103.555,0
 94.059, 98.458,-104.473,0
 93.334, 98.386,-105.209,0
 93.198, 98.288,-105.337,0
 93.152, 98.375,-105.189,0
 91.676, 98.148,-106.724,0
 91.124, 98.232,-107.268,0
 91.106, 98.273,-107.332,0
 90.151, 98.462,-108.280,0
 89.750, 98.327,-108.861,0
 89.302, 98.308,-109.387,0
 89.044, 98.307,-109.610,0
 88.802, 98.171,-109.855,0
 88.415, 98.202,-110.161,0
 87.779, 98.090,-110.795,0
 87.165, 98.052,-111.451,0
 87.130, 98.195,-111.557,0
 87.067, 98.059,-111.685,0
 87.004, 97.958,-111.657,0
 87.804, 97.574,-110.800,0
 87.293, 97.690,-111.283,0
 86.145, 97.523,-112.458,0
 85.003, 97.488,-113.598,0
 84.945, 97.660,-113.738,0
 85.233, 97.615,-113.544,0
 84.376, 97.693,-114.398,0
 84.218, 97.837,-114.534,0
 84.116, 98.012,-114.765,0
 85.167, 98.582,-114.002,0
 87.116, 99.794,-112.331,0
 91.585,101.549,-107.811,0
103.521,105.051,-96.507,0
145.256,107.948,-53.455,0
201.596,105.711,  3.396,0
228.546, 99.707, 27.857,0
234.867, 96.014, 28.793,0
237.802, 87.355, 26.729,0
234.794, 89.836, 19.173,0
229.982, 93.513, 13.866,0
218.570,101.043,  5.055,0
150.909,107.342,-56.789,0
 85.186, 97.620,-116.215,0
 71.444, 89.585,-124.026,0
 65.785, 81.323,-123.729,0
 63.973, 71.946,-123.716,0
 61.764, 68.517,-126.002,0
 59.615, 71.169,-125.993,0
 55.884, 73.936,-126.222,0
 53.422, 76.963,-126.340,0
 52.310, 79.171,-125.703,0
 52.221, 81.645,-123.870,0
 54.930, 83.439,-120.207,0
 58.001, 84.976,-116.638,0
 58.409, 86.336,-116.131,0
 58.521, 90.830,-114.535,0
 57.364, 97.381,-112.038,0
 63.482, 97.962,-107.424,0
 68.342, 95.449,-101.690,0
 76.463, 91.981,-97.683,0
 78.848, 86.403,-104.480,0
 83.503, 81.793,-103.786,0
 89.132, 78.347,-102.318,0
 92.326, 75.462,-101.350,0
 93.049, 76.848,-101.389,0
 89.827, 79.766,-109.877,0
 86.569, 81.551,-114.606,0
 79.141, 83.993,-121.063,0
 74.596, 84.361,-128.248,0
 68.951, 84.757,-135.096,0
 52.029, 84.546,-153.809,0
 37.274, 85.412,194.293,0
 35.096, 84.176,192.503,0
 41.482, 82.362,192.207,0
 47.291, 83.871,193.363,0
 53.270, 87.693,195.175,0
 54.344, 89.700,193.642,0
 47.822, 88.628,187.026,0
 37.883, 86.363,179.379,0
 32.627, 82.879,176.025,0
 29.165, 77.846,173.995,0
 27.278, 69.461,175.470,0
 23.186, 60.790,174.386,0
 21.789, 56.906,177.075,0
 23.805, 52.331,177.876,0
 24.695, 48.079,178.605,0
 22.922, 46.668,178.993,0
 21.753, 48.858,179.976,0
 21.784, 51.380,180.605,0
 22.662, 54.417,177.806,0
 27.709, 59.419,175.809,0
 31.857, 64.440,174.532,0
 31.414, 64.648,170.777,0
 27.835, 64.151,166.553,0
 23.907, 64.215,163.505,0
 20.033, 63.144,161.509,0
 17.353, 63.552,159.386,0
 14.759, 60.809,157.755,0
 12.683, 58.660,155.796,0
 11.248, 57.031,154.390,0
  9.850, 55.697,153.476,0
  8.635, 54.627,153.592,0
  7.360, 53.941,153.874,0
  6.858, 53.577,153.453,0
  6.459, 53.788,153.561,0
  5.328, 53.116,153.541,0
  3.277, 52.986,152.846,0
  2.299, 52.361,151.138,0
  1.473, 51.676,151.050,0
  2.118, 51.022,151.738,0
  2.528, 50.838,152.045,0
  1.851, 50.720,150.722,0
 -0.100, 49.600,150.370,0
 -1.065, 46.737,150.883,0
 -1.517, 45.050,151.089,0
 -2.622, 44.814,151.242,0
 -1.528, 43.452,150.416,0
 -0.699, 41.729,151.353,0
 -0.372, 47.656,149.856,0
 -2.370, 47.945,148.895,0
 -6.906, 47.309,150.778,0
-10.208, 45.748,152.956,0
-10.035, 45.149,154.856,0
-13.293, 41.538,159.388,0
-15.881, 41.149,154.269,0
-17.031, 40.187,144.643,0
-19.531, 40.763,141.803,0
-15.197, 36.627,139.952,0
-15.075, 34.765,143.086,0
-17.311, 50.687,152.419,0
-28.102, 74.491,157.794,0
-27.369, 74.061,153.134,0
-27.149, 70.965,149.031,0
-32.076, 70.839,147.673,0
-34.946, 66.507,145.759,0
-36.591, 65.193,143.542,0
-38.504, 63.637,142.740,0
-38.946, 61.287,141.156,0
-40.362, 59.301,139.978,0
-41.236, 56.153,139.223,0
-40.957, 54.206,139.286,0
-40.820, 53.251,139.577,0
-40.726, 52.354,139.978,0
-40.619, 51.841,140.634,0
-39.846, 51.212,141.580,0
-38.831, 51.122,142.674,0
-38.396, 50.973,143.472,0
-37.841, 50.871,144.415,0
-38.441, 49.428,144.767,0
-38.155, 48.703,144.311,0
-38.465, 49.033,144.008,0
-38.504, 48.841,144.681,0
-38.770, 48.066,145.582,0
-39.482, 48.180,148.086,0
-42.417, 50.339,148.803,0
-44.598, 49.058,151.245,0
-48.686, 46.674,154.535,0
-56.460, 44.119,161.537,0
294.862, 42.104,162.565,0
287.992, 40.666,160.223,0
282.050, 40.340,155.142,0
275.751, 42.865,140.460,0
273.810, 43.845,135.468,0
272.395, 44.417,135.093,0
269.324, 44.805,128.772,0
269.100, 46.925,123.994,0
269.944, 49.790,120.220,0
271.961, 51.763,121.632,0
274.895, 53.138,123.656,0
275.780, 52.118,127.857,0
277.646, 50.521,136.523,0
280.942, 49.237,145.136,0
280.375, 41.520,154.311,0
279.777, 35.624,157.951,0
279.730, 33.457,162.438,0
280.418, 34.738,165.435,0
279.531, 35.547,166.169,0
276.215, 36.787,163.839,0
269.277, 37.893,157.551,0
262.679, 41.520,152.185,0
254.337, 47.507,147.472,0
244.168, 52.966,141.770,0
234.147, 56.293,134.698,0
226.477, 58.242,129.249,0
218.488, 59.664,123.625,0
210.295, 61.192,117.571,0
204.830, 63.509,111.429,0
198.642, 64.634,103.981,0
195.002, 65.197,101.351,0
191.884, 64.225, 98.504,0
190.402, 63.039, 95.166,0
190.389, 62.864, 94.319,0
189.862, 63.386, 89.508,0
187.979, 65.982, 85.699,0
186.392, 69.180, 84.940,0
184.797, 71.580, 84.651,0
182.731, 74.136, 82.874,0
180.895, 77.040, 79.827,0
177.229, 80.223, 73.623,0
170.332, 83.948, 64.515,0
158.410, 85.449, 47.167,0
133.001, 78.122, 13.145,0
117.903, 55.931, -2.739,0
114.233, 52.919, -6.855,0
111.899, 58.514, -9.738,0
117.444, 65.427, -7.182,0
128.427, 69.542, -2.603,0
143.492, 61.982,  5.023,0
147.683, 48.201,  3.095,0
155.628, 32.712, -3.339,0
162.170, 20.352,-14.523,0
169.017, 16.085,-23.812,0
174.617, 19.040,-19.091,0
173.462, 24.112, -8.236,0
173.860, 31.573, -3.731,0
176.070, 33.374,  5.303,0
178.375, 34.356, 12.143,0
182.294, 38.924, 26.237,0
183.259, 40.048, 33.653,0
196.844, 40.510, 17.030,0
193.217, 35.621, 28.726,0
191.057, 44.138, 29.248,0
200.393, 47.891, 26.348,0
202.710, 51.523, 24.384,0
204.375, 53.073, 27.249,0
205.804, 52.885, 29.274,0
206.412, 52.016, 26.429,0
202.664, 56.276, 15.958,0
192.053, 58.185,-11.798,0
192.959, 56.438,-26.007,0
196.671, 52.917,-29.585,0
198.468, 50.456,-37.999,0
199.772, 51.529,-35.951,0
200.080, 51.731,-38.395,0
199.099, 51.638,-40.835,0
194.173, 51.396,-47.578,0
188.676, 47.390,-58.281,0
186.569, 46.415,-66.049,0
186.259, 46.967,-64.773,0
186.430, 46.488,-66.189,0
186.859, 46.143,-67.575,0
189.241, 44.616,-51.877,0
190.360, 45.007,-54.014,0
189.584, 45.969,-56.687,0
188.770, 46.018,-59.498,0
188.886, 46.169,-61.758,0
188.663, 46.312,-64.075,0
188.618, 46.167,-66.085,0
188.419, 46.111,-68.106,0
188.227, 46.025,-70.056,0
188.156, 45.912,-71.843,0
187.994, 45.795,-73.527,0
187.985, 45.695,-75.164,0
187.892, 45.604,-76.686,0
187.770, 45.471,-78.090,0
187.641, 45.312,-79.525,0
187.511, 45.187,-80.830,0
187.434, 45.093,-82.030,0
187.355, 44.950,-83.203,0
187.236, 44.806,-84.377,0
187.160, 44.711,-85.343,0
187.050, 44.566,-86.359,0
186.988, 44.492,-87.279,0
186.853, 44.343,-88.264,0
186.713, 44.159,-89.242,0
186.628, 44.005,-90.070,0
186.506, 43.871,-90.853,0
186.421, 43.723,-91.637,0
186.277, 43.538,-92.444,0
186.126, 43.286,-93.317,0
186.011, 43.098,-94.024,0
185.932, 43.013,-94.624,0
185.884, 42.935,-95.161,0
185.812, 42.824,-95.712,0
185.687, 42.606,-96.390,0
185.617, 42.436,-96.895,0
185.473, 42.174,-97.566,0
185.342, 41.963,-98.209,0
185.225, 41.790,-98.718,0
185.102, 41.629,-99.188,0
184.967, 41.359,-99.774,0
184.886, 41.256,-100.208,0
184.760, 41.049,-100.740,0
184.709, 41.010,-101.061,0
184.593, 40.848,-101.525,0
184.473, 40.686,-101.961,0
184.413, 40.597,-102.234,0
184.276, 40.439,-102.685,0
184.247, 40.288,-103.015,0
184.160, 40.106,-103.370,0
184.118, 40.091,-103.507,0
184.057, 40.021,-103.811,0
183.958, 39.928,-104.103,0
183.876, 39.838,-104.320,0
183.955, 38.635,-104.418,0
183.881, 39.890,-104.852,0
183.080, 39.517,-105.324,0
182.089, 39.483,-106.205,0
181.968, 39.174,-106.332,0
182.956, 40.127,-103.701,0
181.937, 39.970,-102.198,0
181.576, 38.982,-99.647,0
180.975, 39.235,-100.955,0
181.070, 39.609,-101.718,0
180.551, 39.435,-101.309,0
180.179, 39.545,-102.212,0
179.732, 39.544,-102.966,0
179.223, 39.379,-101.715,0
178.676, 39.386,-100.862,0
177.604, 39.539,-98.448,0
177.200, 39.483,-93.487,0
177.269, 39.488,-88.844,0
176.499, 39.886,-88.251,0
175.783, 40.825,-88.825,0
175.404, 41.819,-90.648,0
174.638, 42.766,-93.232,0
173.657, 43.731,-95.858,0
172.423, 44.401,-98.222,0
170.742, 45.059,-100.007,0
169.260, 45.757,-101.273,0
167.820, 46.971,-103.618,0
165.987, 48.039,-105.621,0
164.400, 49.221,-107.635,0
162.634, 50.601,-109.405,0
160.715, 51.835,-111.990,0
158.549, 52.984,-114.418,0
155.356, 53.129,-120.681,0
151.988, 54.213,-130.860,0
149.947, 53.513,-145.735,0
146.637, 53.490,-156.823,0
138.849, 55.639,196.655,0
133.116, 38.949,195.965,0
128.250, 23.208,198.246,0
124.007,  5.584,-155.755,0
122.024,  5.988,-157.619,0
124.222, 16.790,197.769,0
113.378, 21.500,196.071,0
107.268, 31.782,192.363,0
 97.519, 34.618,187.693,0
 81.196, 37.906,183.274,0
 66.620, 36.919,181.748,0
 58.341, 35.851,184.044,0
 45.501, 27.072,190.010,0
 35.268, 27.737,197.629,0
 32.958, 24.887,-157.605,0
 35.276, 33.243,201.747,0
 34.474, 29.457,-153.272,0
 34.604, 27.797,-152.521,0
 33.722, 28.923,-151.436,0
 34.054, 29.552,-151.824,0
 35.821, 31.145,-151.230,0
 36.963, 32.798,-151.248,0
 36.556, 34.439,-150.852,0
 36.557, 35.189,-151.341,0
 36.430, 35.235,-151.759,0
 35.974, 35.468,-151.832,0
 35.381, 35.545,-151.894,0
 34.860, 35.356,-151.736,0
 34.312, 35.192,-152.021,0
 33.709, 35.182,-152.382,0
 33.155, 35.036,-152.798,0
 32.573, 35.091,-153.090,0
 32.067, 35.257,-154.037,0
 31.611, 35.544,-155.628,0
 32.305, 36.141,200.901,0
 33.937, 36.726,199.978,0
 36.410, 36.607,199.296,0
 41.500, 33.893,196.741,0
 42.229, 34.595,196.677,0
 46.619, 35.025,196.557,0
 52.164, 33.711,195.312,0
 52.675, 35.914,195.270,0
 53.312, 37.731,193.766,0
 52.787, 38.716,194.933,0
 51.368, 38.772,196.081,0
 51.397, 40.282,199.444,0
 53.152, 40.646,201.849,0
 54.196, 39.340,198.929,0
 55.768, 39.144,195.781,0
 55.175, 39.992,198.184,0
 54.262, 40.310,197.042,0
 52.541, 40.161,197.400,0
 50.308, 40.244,197.617,0
 48.449, 41.024,198.474,0
 46.445, 41.294,198.998,0
 46.267, 41.045,199.528,0
 45.810, 40.654,-157.575,0
 43.625, 40.711,-154.488,0
 44.203, 41.021,201.541,0
 45.135, 40.249,201.341,0
 46.025, 39.969,201.546,0
 47.065, 39.684,201.847,0
 47.904, 39.557,201.598,0
 48.911, 38.690,-157.826,0
 49.460, 38.850,-156.921,0
 50.286, 39.086,-155.759,0
 50.870, 39.187,-154.891,0
 50.546, 39.400,-153.334,0
 46.118, 42.298,-151.722,0
 43.068, 41.952,-152.254,0
 42.684, 42.149,-151.148,0
 41.661, 41.347,-149.882,0
 40.013, 41.077,-150.142,0
 39.603, 40.919,-149.597,0
 39.167, 40.963,-148.900,0
 37.952, 40.856,-148.874,0
 35.638, 41.054,-149.459,0
 34.825, 40.641,-148.848,0
 33.762, 40.724,-149.700,0
 27.299, 44.676,-155.345,0
 17.801, 45.260,-156.904,0
 17.280, 41.361,-157.183,0
 13.176, 40.848,201.511,0
 10.150, 38.918,201.635,0
  7.196, 37.980,201.909,0
  5.556, 36.504,201.909,0
  3.478, 36.770,200.676,0
  4.091, 36.173,201.694,0
  4.117, 35.509,-157.740,0
  3.065, 35.630,-157.020,0
  3.030, 34.486,-155.019,0
  0.861, 34.763,-152.325,0
 -1.293, 33.258,-149.686,0
 -4.160, 31.202,-145.920,0
 -4.671, 28.034,-140.890,0
 -4.774, 26.095,-139.117,0
 -7.223, 24.271,-135.235,0
 -9.502, 21.000,-136.117,0
 -8.633, 20.899,-142.024,0
 -5.682, 21.196,-143.662,0
 -5.284, 22.664,-150.016,0
 -1.885, 23.300,-152.795,0
 -0.838, 24.150,-151.466,0
  1.082, 25.619,-157.789,0
  7.634, 22.193,200.204,0
 12.115, 21.989,200.722,0
 15.758, 21.505,200.676,0
 16.377, 21.791,-154.617,0
 20.338, 21.027,196.268,0
 17.238, 21.163,197.379,0
 15.824, 22.273,-157.031,0
 12.382, 22.989,-153.103,0
  9.345, 23.244,-149.645,0
  7.291, 24.653,-149.788,0
  6.257, 25.288,-149.801,0
  6.487, 24.502,-148.919,0
  5.241, 24.269,-150.356,0
  3.872, 24.059,-148.818,0
  2.863, 23.506,-147.284,0
  1.090, 23.401,-145.813,0
 -0.840, 23.167,-144.605,0
 -3.730, 23.184,-144.350,0
 -5.263, 22.828,-143.077,0
 -7.563, 21.966,-141.193,0
 -9.400, 21.619,-139.124,0
-10.736, 21.249,-137.417,0
-11.942, 21.364,-136.140,0
-13.930, 18.855,-133.372,0
-18.834, 15.647,-125.241,0
-26.455,  8.242,-117.049,0
-30.008,  2.596,-112.105,0
-32.041,  4.800,-103.955,0
-32.966,  4.101,-102.165,0
-31.254,  0.977,-104.562,0
-30.122, -3.178,-106.842,0
-30.922, -3.299,-102.290,0
-30.139, -4.281,-98.392,0
-29.635, -4.362,-98.269,0
-28.011, -4.340,-102.747,0
-26.031, -4.413,-104.938,0
-22.896, -5.980,-98.571,0
-19.788, -8.424,-99.546,0
-16.573,-10.811,-102.909,0
-13.563,-14.091,-113.693,0
-10.662,-16.673,-142.675,0
 -8.538,-14.485,199.774,0
  3.078,-15.773,171.760,0
  4.260,-14.232,160.649,0
  3.638,-11.037,157.957,0
 -0.723, -9.005,157.079,0
 -5.885, -7.922,160.240,0
-11.072, -8.749,163.859,0
