roll, pitch, yaw
  0.000,  0.000,  0.000
 90.067,  3.735,  5.086
 90.067,  3.732,  5.119
 90.067,  3.707,  5.156
 90.066,  3.692,  5.195
 90.066,  3.687,  5.226
 90.066,  3.679,  5.270
 90.065,  3.673,  5.305
 90.065,  3.669,  5.341
 90.065,  3.670,  5.374
 90.065,  3.660,  5.414
 90.064,  3.636,  5.442
 90.064,  3.621,  5.470
 90.064,  3.622,  5.497
 90.063,  3.610,  5.540
 90.064,  3.614,  5.578
 90.063,  3.603,  5.604
 90.063,  3.601,  5.644
 90.063,  3.585,  5.670
 90.062,  3.578,  5.699
 90.062,  3.549,  5.737
 90.061,  3.545,  5.784
 90.061,  3.544,  5.823
 90.060,  3.504,  5.871
 90.059,  3.473,  5.921
 90.059,  3.451,  5.960
 90.058,  3.441,  6.000
 90.058,  3.432,  6.045
 90.058,  3.416,  6.085
 90.058,  3.422,  6.125
 90.057,  3.399,  6.173
 90.057,  3.389,  6.212
 90.056,  3.375,  6.250
 90.057,  3.384,  6.290
 90.057,  3.385,  6.328
 90.057,  3.389,  6.359
 90.056,  3.377,  6.397
 90.056,  3.379,  6.439
 90.056,  3.358,  6.473
 90.055,  3.322,  6.512
 90.055,  3.314,  6.550
 90.054,  3.300,  6.596
 90.054,  3.297,  6.648
 90.054,  3.305,  6.686
 90.054,  3.282,  6.734
 90.053,  3.267,  6.769
 90.053,  3.258,  6.818
 90.052,  3.222,  6.860
 90.052,  3.215,  6.893
 90.051,  3.197,  6.935
 90.051,  3.187,  6.968
 90.051,  3.189,  7.006
 90.050,  3.164,  7.046
 90.050,  3.160,  7.085
 90.050,  3.140,  7.146
 90.049,  3.124,  7.180
 90.049,  3.111,  7.214
 90.049,  3.103,  7.268
 90.048,  3.080,  7.317
 90.047,  3.044,  7.360
 90.047,  3.020,  7.402
 90.047,  3.032,  7.444
 90.046,  3.013,  7.495
 90.046,  3.000,  7.535
 90.046,  2.999,  7.562
 90.046,  2.990,  7.597
 90.045,  2.954,  7.642
 90.045,  2.948,  7.679
 90.044,  2.930,  7.720
 90.044,  2.918,  7.750
 90.043,  2.882,  7.783
 90.043,  2.881,  7.815
 90.043,  2.867,  7.848
 90.043,  2.868,  7.891
 90.042,  2.850,  7.924
 90.042,  2.856,  7.968
 90.042,  2.848,  8.008
 90.042,  2.837,  8.049
 90.041,  2.816,  8.087
 90.041,  2.803,  8.133
 90.041,  2.791,  8.168
 90.040,  2.772,  8.213
 90.040,  2.761,  8.245
 90.040,  2.738,  8.278
 90.039,  2.722,  8.313
 90.039,  2.691,  8.355
 90.039,  2.692,  8.391
 90.038,  2.674,  8.433
 90.038,  2.656,  8.468
 90.037,  2.638,  8.508
 90.037,  2.627,  8.545
 90.036,  2.596,  8.585
 90.036,  2.579,  8.624
 90.036,  2.577,  8.661
 90.036,  2.560,  8.707
 90.036,  2.571,  8.743
 90.036,  2.560,  8.783
 90.036,  2.557,  8.815
 90.035,  2.548,  8.855
 90.035,  2.528,  8.882
 90.035,  2.522,  8.916
 90.035,  2.510,  8.951
 90.034,  2.499,  8.986
 90.034,  2.489,  9.038
 90.033,  2.461,  9.086
 90.033,  2.454,  9.127
 90.033,  2.453,  9.175
 90.033,  2.450,  9.216
 90.033,  2.435,  9.248
 90.033,  2.441,  9.286
 90.033,  2.423,  9.318
 90.033,  2.416,  9.350
 90.033,  2.407,  9.391
 90.033,  2.405,  9.422
 90.032,  2.389,  9.455
 90.032,  2.389,  9.490
 90.032,  2.370,  9.530
 90.031,  2.353,  9.564
 90.031,  2.345,  9.600
 90.031,  2.334,  9.628
 90.031,  2.331,  9.659
 90.031,  2.323,  9.689
 90.031,  2.314,  9.731
 90.030,  2.298,  9.768
 90.030,  2.288,  9.796
 90.030,  2.276,  9.822
 90.030,  2.265,  9.858
 90.029,  2.248,  9.887
 90.029,  2.245,  9.924
 90.029,  2.227,  9.958
 90.029,  2.218,  9.992
 90.028,  2.188, 10.021
 90.028,  2.177, 10.054
 90.028,  2.148, 10.089
 90.027,  2.145, 10.123
 90.028,  2.149, 10.161
 90.027,  2.141, 10.192
 90.027,  2.128, 10.223
 90.027,  2.118, 10.252
 90.027,  2.112, 10.289
 90.027,  2.108, 10.330
 90.027,  2.099, 10.362
 90.026,  2.075, 10.398
 90.026,  2.057, 10.448
 90.026,  2.046, 10.492
 90.025,  2.019, 10.527
 90.025,  2.009, 10.564
 90.025,  2.001, 10.611
 90.025,  1.978, 10.654
 90.024,  1.965, 10.687
 90.024,  1.935, 10.724
 90.024,  1.915, 10.763
 90.024,  1.898, 10.811
 90.023,  1.869, 10.853
 90.023,  1.841, 10.886
 90.022,  1.827, 10.940
 90.022,  1.814, 10.979
 90.022,  1.783, 11.014
 90.021,  1.770, 11.058
 90.021,  1.736, 11.101
 90.021,  1.730, 11.139
 90.021,  1.729, 11.182
 90.021,  1.728, 11.228
 90.021,  1.719, 11.263
 90.021,  1.711, 11.310
 90.020,  1.690, 11.354
 90.020,  1.672, 11.394
 90.020,  1.654, 11.435
 90.020,  1.650, 11.483
 90.019,  1.617, 11.529
 90.019,  1.594, 11.566
 90.019,  1.572, 11.605
 90.018,  1.548, 11.646
 90.018,  1.549, 11.682
 90.018,  1.544, 11.718
 90.018,  1.548, 11.758
 90.018,  1.540, 11.795
 90.018,  1.544, 11.830
 90.018,  1.531, 11.864
 90.018,  1.528, 11.911
 90.018,  1.520, 11.943
 90.018,  1.483, 11.980
 90.017,  1.467, 12.018
 90.017,  1.444, 12.064
 90.017,  1.439, 12.112
 90.017,  1.411, 12.144
 90.017,  1.397, 12.186
 90.016,  1.379, 12.232
 90.016,  1.328, 12.267
 90.015,  1.308, 12.305
 90.015,  1.289, 12.347
 90.015,  1.293, 12.377
 90.015,  1.265, 12.407
 90.015,  1.292, 12.449
 90.015,  1.278, 12.493
 90.015,  1.262, 12.527
 90.015,  1.249, 12.566
 90.015,  1.234, 12.607
 90.015,  1.233, 12.653
 90.015,  1.248, 12.681
 90.015,  1.219, 12.710
 90.015,  1.205, 12.747
 90.015,  1.178, 12.781
 90.014,  1.167, 12.814
 90.014,  1.166, 12.853
 90.014,  1.160, 12.891
 90.014,  1.148, 12.936
 90.014,  1.142, 12.971
 90.014,  1.131, 13.015
 90.014,  1.124, 13.049
 90.014,  1.118, 13.092
 90.014,  1.095, 13.131
 90.013,  1.064, 13.170
 90.013,  1.050, 13.202
 90.013,  1.033, 13.228
 90.013,  1.011, 13.265
 90.013,  1.003, 13.308
 90.013,  0.969, 13.346
 90.013,  0.958, 13.381
 90.013,  0.944, 13.429
 90.013,  0.952, 13.464
 90.013,  0.942, 13.516
 90.012,  0.920, 13.561
 90.012,  0.900, 13.598
 90.012,  0.868, 13.635
 90.012,  0.840, 13.669
 90.012,  0.823, 13.703
 90.012,  0.814, 13.738
 90.012,  0.805, 13.775
 90.012,  0.792, 13.831
 90.012,  0.786, 13.873
 90.012,  0.764, 13.917
 90.012,  0.763, 13.961
 90.011,  0.735, 13.996
 90.011,  0.722, 14.027
 90.011,  0.724, 14.060
 90.011,  0.711, 14.095
 90.011,  0.692, 14.131
 90.011,  0.698, 14.169
 90.011,  0.691, 14.208
 90.011,  0.672, 14.235
 90.011,  0.672, 14.283
 90.011,  0.669, 14.323
 90.011,  0.646, 14.367
 90.011,  0.633, 14.393
 90.011,  0.632, 14.432
 90.011,  0.611, 14.471
 90.011,  0.615, 14.511
 90.011,  0.600, 14.544
 90.011,  0.586, 14.587
 90.011,  0.561, 14.626
 90.011,  0.560, 14.662
 90.011,  0.536, 14.695
 90.011,  0.519, 14.726
 90.011,  0.505, 14.766
 90.011,  0.485, 14.801
 90.010,  0.473, 14.837
 90.010,  0.465, 14.874
 90.010,  0.436, 14.908
 90.010,  0.432, 14.940
 90.010,  0.420, 14.979
 90.010,  0.417, 15.022
 90.010,  0.420, 15.069
 90.010,  0.411, 15.096
 90.010,  0.410, 15.138
 90.010,  0.406, 15.171
 90.010,  0.375, 15.202
 90.010,  0.363, 15.245
 90.010,  0.346, 15.268
 90.010,  0.323, 15.306
 90.010,  0.306, 15.351
 90.010,  0.299, 15.383
 90.010,  0.291, 15.422
 90.010,  0.269, 15.470
 90.010,  0.243, 15.512
 90.010,  0.228, 15.548
 90.010,  0.202, 15.577
 90.010,  0.192, 15.610
 90.010,  0.187, 15.648
 90.010,  0.188, 15.677
 90.010,  0.177, 15.706
 90.010,  0.155, 15.744
 90.010,  0.140, 15.780
 90.010,  0.115, 15.831
 90.010,  0.100, 15.873
 90.010,  0.098, 15.910
 90.010,  0.069, 15.953
 90.010,  0.063, 15.986
 90.010,  0.058, 16.029
 90.010,  0.030, 16.074
 90.011,  0.036, 16.114
 90.011,  0.027, 16.149
 90.011,  0.006, 16.187
 90.011, -0.003, 16.224
 90.011, -0.021, 16.256
 90.011, -0.036, 16.290
 90.011, -0.036, 16.322
 90.011, -0.066, 16.356
 90.011, -0.061, 16.404
 90.011, -0.057, 16.444
 90.011, -0.084, 16.481
 90.011, -0.110, 16.511
 90.011, -0.137, 16.549
 90.011, -0.154, 16.588
 90.011, -0.171, 16.626
 90.011, -0.185, 16.673
 90.011, -0.216, 16.706
 90.011, -0.231, 16.741
 90.011, -0.244, 16.777
 90.011, -0.246, 16.807
 90.011, -0.238, 16.832
 90.011, -0.257, 16.869
 90.011, -0.261, 16.891
 90.011, -0.283, 16.927
 90.011, -0.292, 16.970
 90.011, -0.294, 17.015
 90.011, -0.308, 17.051
 90.011, -0.317, 17.078
 90.011, -0.321, 17.107
 90.012, -0.343, 17.128
 90.011, -0.344, 17.169
 90.012, -0.351, 17.210
 90.012, -0.365, 17.252
 90.012, -0.392, 17.288
 90.012, -0.416, 17.322
 90.012, -0.430, 17.366
 90.012, -0.437, 17.402
 90.012, -0.418, 17.445
 90.012, -0.434, 17.475
 90.012, -0.444, 17.524
 90.012, -0.454, 17.559
 90.012, -0.462, 17.592
 90.012, -0.481, 17.637
 90.012, -0.488, 17.674
 90.012, -0.495, 17.714
 90.012, -0.509, 17.752
 90.013, -0.500, 17.796
 90.013, -0.507, 17.843
 90.013, -0.528, 17.893
 90.013, -0.570, 17.937
 90.013, -0.566, 17.976
 90.013, -0.558, 18.016
 90.013, -0.569, 18.046
 90.013, -0.571, 18.078
 90.013, -0.573, 18.125
 90.013, -0.582, 18.170
 90.013, -0.589, 18.216
 90.013, -0.603, 18.254
 90.013, -0.618, 18.280
 90.013, -0.608, 18.319
 90.014, -0.624, 18.356
 90.014, -0.643, 18.395
 90.014, -0.648, 18.442
 90.014, -0.660, 18.483
 90.014, -0.667, 18.511
 90.014, -0.668, 18.545
 90.014, -0.671, 18.577
 90.014, -0.672, 18.620
 90.015, -0.682, 18.657
 90.015, -0.698, 18.702
 90.015, -0.698, 18.738
 90.015, -0.708, 18.787
 90.015, -0.707, 18.828
 90.015, -0.718, 18.863
 90.015, -0.729, 18.900
 90.015, -0.740, 18.936
 90.015, -0.733, 18.973
 90.015, -0.733, 19.016
 90.015, -0.735, 19.060
 90.016, -0.750, 19.095
 90.016, -0.763, 19.126
 90.016, -0.768, 19.175
 90.016, -0.798, 19.209
 90.016, -0.811, 19.247
 90.016, -0.823, 19.293
